'B->K::FormFactors[parametric,BSZ]@GRvDV:2023A':
    type: MultivariateGaussian(Covariance)
    observables:
      [ 'B->K::alpha^f+_0@BSZ2015', 'B->K::alpha^f+_1@BSZ2015', 'B->K::alpha^f+_2@BSZ2015',
                                    'B->K::alpha^f0_1@BSZ2015', 'B->K::alpha^f0_2@BSZ2015',
        'B->K::alpha^fT_0@BSZ2015', 'B->K::alpha^fT_1@BSZ2015', 'B->K::alpha^fT_2@BSZ2015' ]
    kinematics:
      [ {}, {}, {}, {}, {}, {}, {}, {} ]
    options:
      [ {}, {}, {}, {}, {}, {}, {}, {} ]
    means:
      [ 0.33196382, -0.96403506, -0.30273752,
                     0.33478906,  0.00372445,
        0.32361471, -1.02911783, -0.39954681 ]
    covariance:
      - [ 1.06227450e-04, 5.60397216e-04, 5.72589000e-04, 7.40688899e-04, 1.25032299e-03, 9.14505970e-05, 5.01501004e-04, 4.99544851e-04 ]
      - [ 5.60397216e-04, 4.44949117e-03, 4.46191768e-03, 4.56924624e-03, 8.09429203e-03, 4.86905884e-04, 4.20585066e-03, 4.34304287e-03 ]
      - [ 5.72589000e-04, 4.46191768e-03, 8.07469575e-03, 4.63405024e-03, 9.13816900e-03, 4.40491538e-04, 3.25180929e-03, 4.89351044e-03 ]
      - [ 7.40688899e-04, 4.56924624e-03, 4.63405024e-03, 6.01051739e-03, 1.09627971e-02, 6.44171154e-04, 4.35397812e-03, 4.36955441e-03 ]
      - [ 1.25032299e-03, 8.09429203e-03, 9.13816900e-03, 1.09627971e-02, 2.14770010e-02, 1.06437589e-03, 7.45692121e-03, 8.14256293e-03 ]
      - [ 9.14505970e-05, 4.86905884e-04, 4.40491538e-04, 6.44171154e-04, 1.06437589e-03, 4.63910599e-04, 3.38583152e-03, 5.86408025e-03 ]
      - [ 5.01501004e-04, 4.20585066e-03, 3.25180929e-03, 4.35397812e-03, 7.45692121e-03, 3.38583152e-03, 3.04321443e-02, 5.60104873e-02 ]
      - [ 4.99544851e-04, 4.34304287e-03, 4.89351044e-03, 4.36955441e-03, 8.14256293e-03, 5.86408025e-03, 5.60104873e-02, 1.18254612e-01 ]


'B_s->phi::FormFactors[parametric,BSZ]@GRvDV:2023A':
    type: MultivariateGaussian(Covariance)
    observables:
      [ 'B_s->phi::alpha^A0_0@BSZ2015',  'B_s->phi::alpha^A0_1@BSZ2015',  'B_s->phi::alpha^A0_2@BSZ2015',
        'B_s->phi::alpha^A1_0@BSZ2015',  'B_s->phi::alpha^A1_1@BSZ2015',  'B_s->phi::alpha^A1_2@BSZ2015',
                                         'B_s->phi::alpha^A12_1@BSZ2015', 'B_s->phi::alpha^A12_2@BSZ2015',
        'B_s->phi::alpha^V_0@BSZ2015',   'B_s->phi::alpha^V_1@BSZ2015',   'B_s->phi::alpha^V_2@BSZ2015',
        'B_s->phi::alpha^T1_0@BSZ2015',  'B_s->phi::alpha^T1_1@BSZ2015',  'B_s->phi::alpha^T1_2@BSZ2015',
                                         'B_s->phi::alpha^T2_1@BSZ2015',  'B_s->phi::alpha^T2_2@BSZ2015',
        'B_s->phi::alpha^T23_0@BSZ2015', 'B_s->phi::alpha^T23_1@BSZ2015', 'B_s->phi::alpha^T23_2@BSZ2015']
    kinematics:
      [ {}, {}, {}, {}, {}, {}, {}, {}, {}, {}, {}, {}, {}, {}, {}, {}, {}, {}, {} ]
    options:
      [ {}, {}, {}, {}, {}, {}, {}, {}, {}, {}, {}, {}, {}, {}, {}, {}, {}, {}, {} ]
    means:
      [ 0.38000311, -1.27092227,  2.75074752,
        0.30467219,  0.47300921,  1.96851627,
                     0.32277817, -0.64655359,
        0.37782957, -0.89784964,  3.89603141,
        0.33630568, -0.76226543,  0.99707755,
                     0.74223041,  2.00139229,
        0.63570005,  1.1784008 ,  1.79990344 ]
    covariance:
      - [  1.68849787e-03, -3.39958632e-03, -1.06442485e-01,  8.50106656e-04,  5.44263291e-03, -2.76869399e-03,  1.38665440e-02,  4.44617010e-02,  8.18482353e-04,  1.23530687e-03, -3.23551338e-02,  6.12111410e-04,  1.71434162e-03, -1.82461508e-02,  5.03525707e-03,  5.58096791e-03,  8.14028872e-04,  5.81869360e-03,  1.65156079e-03 ]
      - [ -3.39958632e-03,  1.54954188e-01,  1.18342920e+00,  6.87285582e-04,  6.74684255e-03,  1.39727184e-02, -1.82067280e-02, -2.39065685e-02,  2.30384459e-03,  2.96344599e-03, -9.08340713e-02,  1.68554228e-03,  4.67482612e-03, -5.52005435e-02,  1.28360816e-02,  2.62667058e-03,  1.74312694e-03,  1.74665371e-02,  3.70651328e-02 ]
      - [ -1.06442485e-01,  1.18342920e+00,  1.44298910e+01, -3.61850587e-02, -2.22799361e-01,  2.15089308e-01, -8.22393443e-01, -2.42967783e+00, -2.29860779e-02, -3.64678564e-02,  9.40176164e-01, -1.78474401e-02, -4.59279247e-02,  5.20855447e-01, -1.46016694e-01, -1.93086410e-01, -2.62645603e-02, -1.50564265e-01,  2.10949001e-01 ]
      - [  8.50106656e-04,  6.87285582e-04, -3.61850587e-02,  1.04210250e-03,  5.02057769e-03, -1.50507863e-02,  7.46875844e-03,  2.58364929e-02,  1.14678374e-03,  2.05128240e-03, -4.18743221e-02,  8.80902540e-04,  2.45121921e-03, -2.60406953e-02,  7.19595012e-03,  7.48224147e-03,  1.02064147e-03,  7.77805397e-03,  5.47817878e-03 ]
      - [  5.44263291e-03,  6.74684255e-03, -2.22799361e-01,  5.02057769e-03,  8.69952335e-02,  3.50416641e-01,  9.03363229e-02,  4.52564198e-01,  7.35612956e-03,  1.33125737e-02, -2.68052497e-01,  5.59954686e-03,  1.57999857e-02, -1.61302239e-01,  4.52974100e-02,  4.60316274e-02,  6.72118875e-03,  5.17770376e-02,  3.32956139e-02 ]
      - [ -2.76869399e-03,  1.39727184e-02,  2.15089308e-01, -1.50507863e-02,  3.50416641e-01,  3.33548290e+00,  2.69542636e-01,  1.92211798e+00, -3.63417777e-03, -6.38785635e-03,  1.24364913e-01, -3.22232882e-03, -5.43798620e-03,  1.38428206e-01, -2.92276012e-02, -3.69783441e-02, -2.28735221e-03, -9.20636905e-03,  3.94191113e-07 ]
      - [  1.38665440e-02, -1.82067280e-02, -8.22393443e-01,  7.46875844e-03,  9.03363229e-02,  2.69542636e-01,  3.00067145e-01,  1.63053454e+00,  7.89251106e-03,  9.04563695e-03, -3.30584955e-01,  5.77648848e-03,  1.67621658e-02, -1.65010263e-01,  5.07183237e-02,  7.49901604e-02,  7.55854757e-03,  5.80569253e-02,  3.29821484e-02 ]
      - [  4.44617010e-02, -2.39065685e-02, -2.42967783e+00,  2.58364929e-02,  4.52564198e-01,  1.92211798e+00,  1.63053454e+00,  9.88291405e+00,  2.94736699e-02,  2.41218184e-02, -1.29531146e+00,  2.13013899e-02,  6.31310047e-02, -5.93215221e-01,  1.93030453e-01,  3.17836821e-01,  2.72909796e-02,  2.23927606e-01,  1.89530469e-01 ]
      - [  8.18482353e-04,  2.30384459e-03, -2.29860779e-02,  1.14678374e-03,  7.35612956e-03, -3.63417777e-03,  7.89251106e-03,  2.94736699e-02,  2.57039389e-03, -2.76894441e-03, -1.45701401e-01,  1.23092515e-03,  3.34227238e-03, -3.64287294e-02,  1.02075229e-02,  1.15318633e-02,  1.43347744e-03,  1.07548813e-02,  6.20591657e-03 ]
      - [  1.23530687e-03,  2.96344599e-03, -3.64678564e-02,  2.05128240e-03,  1.33125737e-02, -6.38785635e-03,  9.04563695e-03,  2.41218184e-02, -2.76894441e-03,  1.46798307e-01,  1.09371881e+00,  2.06306670e-03,  6.49611844e-03, -5.73267575e-02,  1.55154583e-02,  8.63488423e-03,  2.29565537e-03,  1.52584930e-02,  6.61149130e-03 ]
      - [ -3.23551338e-02, -9.08340713e-02,  9.40176164e-01, -4.18743221e-02, -2.68052497e-01,  1.24364913e-01, -3.30584955e-01, -1.29531146e+00, -1.45701401e-01,  1.09371881e+00,  1.61509308e+01, -4.56503707e-02, -1.17415340e-01,  1.40053479e+00, -3.91411569e-01, -5.14476180e-01, -5.40181874e-02, -4.12856423e-01, -2.43986657e-01 ]
      - [  6.12111410e-04,  1.68554228e-03, -1.78474401e-02,  8.80902540e-04,  5.59954686e-03, -3.22232882e-03,  5.77648848e-03,  2.13013899e-02,  1.23092515e-03,  2.06306670e-03, -4.56503707e-02,  1.26762598e-03,  6.66617747e-04, -5.72456810e-02,  7.34178445e-03, -9.95152417e-03,  1.06918871e-03,  8.51895481e-03,  9.41615593e-03 ]
      - [  1.71434162e-03,  4.67482612e-03, -4.59279247e-02,  2.45121921e-03,  1.57999857e-02, -5.43798620e-03,  1.67621658e-02,  6.31310047e-02,  3.34227238e-03,  6.49611844e-03, -1.17415340e-01,  6.66617747e-04,  1.03128239e-01,  6.43801468e-01,  2.24736741e-02,  1.23479184e-01,  3.51304772e-03,  2.66841449e-02,  6.43137380e-03 ]
      - [ -1.82461508e-02, -5.52005435e-02,  5.20855447e-01, -2.60406953e-02, -1.61302239e-01,  1.38428206e-01, -1.65010263e-01, -5.93215221e-01, -3.64287294e-02, -5.73267575e-02,  1.40053479e+00, -5.72456810e-02,  6.43801468e-01,  7.92188399e+00, -2.04915722e-01,  1.34738655e+00, -2.84784064e-02, -2.40445913e-01, -4.36887399e-01 ]
      - [  5.03525707e-03,  1.28360816e-02, -1.46016694e-01,  7.19595012e-03,  4.52974100e-02, -2.92276012e-02,  5.07183237e-02,  1.93030453e-01,  1.02075229e-02,  1.55154583e-02, -3.91411569e-01,  7.34178445e-03,  2.24736741e-02, -2.04915722e-01,  1.79599906e-01,  8.73231740e-01,  9.07760327e-03,  6.67147735e-02,  1.79871007e-02 ]
      - [  5.58096791e-03,  2.62667058e-03, -1.93086410e-01,  7.48224147e-03,  4.60316274e-02, -3.69783441e-02,  7.49901604e-02,  3.17836821e-01,  1.15318633e-02,  8.63488423e-03, -5.14476180e-01, -9.95152417e-03,  1.23479184e-01,  1.34738655e+00,  8.73231740e-01,  6.63769052e+00,  1.19182002e-02,  5.32735311e-02, -4.52130094e-01 ]
      - [  8.14028872e-04,  1.74312694e-03, -2.62645603e-02,  1.02064147e-03,  6.72118875e-03, -2.28735221e-03,  7.55854757e-03,  2.72909796e-02,  1.43347744e-03,  2.29565537e-03, -5.40181874e-02,  1.06918871e-03,  3.51304772e-03, -2.84784064e-02,  9.07760327e-03,  1.19182002e-02,  3.30516611e-03,  8.36210747e-03, -9.92690528e-02 ]
      - [  5.81869360e-03,  1.74665371e-02, -1.50564265e-01,  7.77805397e-03,  5.17770376e-02, -9.20636905e-03,  5.80569253e-02,  2.23927606e-01,  1.07548813e-02,  1.52584930e-02, -4.12856423e-01,  8.51895481e-03,  2.66841449e-02, -2.40445913e-01,  6.67147735e-02,  5.32735311e-02,  8.36210747e-03,  4.86267188e-01,  2.92018543e+00 ]
      - [  1.65156079e-03,  3.70651328e-02,  2.10949001e-01,  5.47817878e-03,  3.32956139e-02,  3.94191113e-07,  3.29821484e-02,  1.89530469e-01,  6.20591657e-03,  6.61149130e-03, -2.43986657e-01,  9.41615593e-03,  6.43137380e-03, -4.36887399e-01,  1.79871007e-02, -4.52130094e-01, -9.92690528e-02,  2.92018543e+00,  2.53854683e+01 ]


'B->K^*::FormFactors[parametric,BSZ]@GRvDV:2023A':
    type: MultivariateGaussian(Covariance)
    observables:
      [ 'B->K^*::alpha^A0_0@BSZ2015',  'B->K^*::alpha^A0_1@BSZ2015',  'B->K^*::alpha^A0_2@BSZ2015',
        'B->K^*::alpha^A1_0@BSZ2015',  'B->K^*::alpha^A1_1@BSZ2015',  'B->K^*::alpha^A1_2@BSZ2015',
                                       'B->K^*::alpha^A12_1@BSZ2015', 'B->K^*::alpha^A12_2@BSZ2015',
        'B->K^*::alpha^V_0@BSZ2015',   'B->K^*::alpha^V_1@BSZ2015',   'B->K^*::alpha^V_2@BSZ2015',
        'B->K^*::alpha^T1_0@BSZ2015',  'B->K^*::alpha^T1_1@BSZ2015',  'B->K^*::alpha^T1_2@BSZ2015',
                                       'B->K^*::alpha^T2_1@BSZ2015',  'B->K^*::alpha^T2_2@BSZ2015',
        'B->K^*::alpha^T23_0@BSZ2015', 'B->K^*::alpha^T23_1@BSZ2015', 'B->K^*::alpha^T23_2@BSZ2015']
    kinematics:
      [ {}, {}, {}, {}, {}, {}, {}, {}, {}, {}, {}, {}, {}, {}, {}, {}, {}, {}, {} ]
    options:
      [ {}, {}, {}, {}, {}, {}, {}, {}, {}, {}, {}, {}, {}, {}, {}, {}, {}, {}, {} ]
    means:
      [ 0.34213768, -1.14740932,  2.37275841,
        0.28926565,  0.45994786,  1.22417351,
                     0.5511594 ,  0.57813167,
        0.36280141, -1.08931588,  2.80292123,
        0.31924221, -0.96188597,  2.09305925,
                     0.59323779,  1.6795425 ,
        0.62123502,  0.97330702,  1.82128227 ]
    covariance:
      - [ 7.04335096e-04,  3.02586340e-04, -1.97247218e-02,  2.91887697e-04,  1.07377699e-03, -5.52058107e-04,  4.50822372e-03,  1.08166688e-02,  2.57685509e-04, -4.46661067e-04, -3.18699997e-03,  2.04515093e-04, -5.02673466e-05, -3.30642711e-03,  9.75176889e-04,  7.59583987e-04,  3.40224655e-04,  1.25634038e-03, -1.68277465e-03 ]
      - [ 3.02586340e-04,  3.92338350e-02,  1.27772176e-01, -3.86687657e-05,  4.55751871e-03,  2.83219171e-03,  1.65903167e-02,  7.53963733e-02, -3.35194806e-04,  4.06907283e-03, -3.36073947e-02, -1.89503848e-04,  1.59414076e-04,  5.70016999e-03, -7.52654052e-04, -4.07731261e-04, -4.56100677e-04, -1.13851602e-03,  6.65588206e-03 ]
      - [-1.97247218e-02,  1.27772176e-01,  3.17107088e+00, -3.46322226e-03, -2.35679137e-02,  1.63431068e-01, -1.18364854e-01,  7.28720833e-02, -1.24221506e-03, -2.80426757e-02,  3.41138318e-01, -1.19244629e-03,  7.25569789e-04,  1.97007388e-02, -4.82409049e-03, -1.84260659e-02, -6.38760406e-03, -1.92905646e-02,  1.15171186e-01 ]
      - [ 2.91887697e-04, -3.86687657e-05, -3.46322226e-03,  3.68436303e-04,  1.19093695e-03, -3.33266091e-03,  1.66398713e-03,  4.90951987e-03,  4.34204053e-04, -2.73332528e-04, -1.14693704e-02,  3.36548431e-04,  2.81164250e-05, -6.01831055e-03,  1.73323967e-03,  1.50018005e-03,  4.14383967e-04,  1.66220159e-03,  5.73757594e-04 ]
      - [ 1.07377699e-03,  4.55751871e-03, -2.35679137e-02,  1.19093695e-03,  1.67466473e-02,  5.22125234e-02,  2.48547171e-02,  1.33990137e-01,  1.71780287e-03,  1.64240802e-03, -7.70080200e-02,  1.35213313e-03,  4.88391912e-04, -2.22321270e-02,  7.26133560e-03,  7.95207099e-03,  1.67051200e-03,  6.87476758e-03,  3.47997374e-03 ]
      - [-5.52058107e-04,  2.83219171e-03,  1.63431068e-01, -3.33266091e-03,  5.22125234e-02,  5.50458371e-01,  7.59477923e-02,  5.84531632e-01, -1.55110003e-03, -7.07774055e-03,  1.31937586e-01, -1.32612899e-03,  9.44230021e-05,  3.51951924e-02, -6.22346685e-03,  3.76281474e-03, -1.22114704e-03, -5.25200986e-03,  6.04872633e-04 ]
      - [ 4.50822372e-03,  1.65903167e-02, -1.18364854e-01,  1.66398713e-03,  2.48547171e-02,  7.59477923e-02,  1.15849525e-01,  6.42415595e-01,  1.37645650e-03,  2.28025782e-03, -8.26787480e-02,  1.11148807e-03,  1.78678462e-04, -1.16786589e-02,  5.79332367e-03,  5.70431735e-03,  1.83414360e-03,  6.30676349e-03, -1.71950383e-02 ]
      - [ 1.08166688e-02,  7.53963733e-02,  7.28720833e-02,  4.90951987e-03,  1.33990137e-01,  5.84531632e-01,  6.42415595e-01,  4.23875514e+00,  4.81766899e-03,  7.48473947e-03, -3.19441182e-01,  3.65061433e-03,  9.90804070e-04, -2.36918236e-02,  2.15202847e-02,  2.85123417e-02,  5.04484217e-03,  1.62532568e-02, -5.27745698e-02 ]
      - [ 2.57685509e-04, -3.35194806e-04, -1.24221506e-03,  4.34204053e-04,  1.71780287e-03, -1.55110003e-03,  1.37645650e-03,  4.81766899e-03,  8.23497843e-04, -1.41224281e-03, -3.54838885e-02,  4.71966139e-04,  2.01773035e-05, -8.69684711e-03,  2.41639201e-03,  1.94269238e-03,  5.77544235e-04,  2.23716471e-03,  2.68531305e-04 ]
      - [-4.46661067e-04,  4.06907283e-03, -2.80426757e-02, -2.73332528e-04,  1.64240802e-03, -7.07774055e-03,  2.28025782e-03,  7.48473947e-03, -1.41224281e-03,  2.88456016e-02,  1.15556811e-01, -2.12577545e-04,  4.56752658e-04,  5.00815588e-03, -9.03111329e-04, -5.72697454e-04, -4.40246402e-04, -7.03442524e-04,  8.20600944e-03 ]
      - [-3.18699997e-03, -3.36073947e-02,  3.41138318e-01, -1.14693704e-02, -7.70080200e-02,  1.31937586e-01, -8.26787480e-02, -3.19441182e-01, -3.54838885e-02,  1.15556811e-01,  4.14257392e+00, -1.35171820e-02, -3.44202317e-03,  3.01128297e-01, -7.57830497e-02, -6.82777859e-02, -1.58651366e-02, -5.66120908e-02,  8.01859583e-02 ]
      - [ 2.04515093e-04, -1.89503848e-04, -1.19244629e-03,  3.36548431e-04,  1.35213313e-03, -1.32612899e-03,  1.11148807e-03,  3.65061433e-03,  4.71966139e-04, -2.12577545e-04, -1.35171820e-02,  4.39035362e-04, -4.39640804e-04, -1.08001037e-02,  1.73103706e-03, -1.31834787e-03,  4.69912964e-04,  1.60739731e-03,  6.62908482e-04 ]
      - [-5.02673466e-05,  1.59414076e-04,  7.25569789e-04,  2.81164250e-05,  4.88391912e-04,  9.44230021e-05,  1.78678462e-04,  9.90804070e-04,  2.01773035e-05,  4.56752658e-04, -3.44202317e-03, -4.39640804e-04,  1.88723044e-02,  6.94289101e-02,  4.68941671e-03,  2.14977620e-02, -3.15807079e-04,  5.63549127e-03, -4.29976342e-03 ]
      - [-3.30642711e-03,  5.70016999e-03,  1.97007388e-02, -6.01831055e-03, -2.22321270e-02,  3.51951924e-02, -1.16786589e-02, -2.36918236e-02, -8.69684711e-03,  5.00815588e-03,  3.01128297e-01, -1.08001037e-02,  6.94289101e-02,  1.61340106e+00, -6.10724521e-02,  1.41786389e-01, -6.83319383e-03, -6.69724030e-02,  7.18485309e-02 ]
      - [ 9.75176889e-04, -7.52654052e-04, -4.82409049e-03,  1.73323967e-03,  7.26133560e-03, -6.22346685e-03,  5.79332367e-03,  2.15202847e-02,  2.41639201e-03, -9.03111329e-04, -7.57830497e-02,  1.73103706e-03,  4.68941671e-03, -6.10724521e-02,  3.24990772e-02,  1.33855491e-01,  2.00392858e-03,  1.37925959e-02, -2.43598650e-03 ]
      - [ 7.59583987e-04, -4.07731261e-04, -1.84260659e-02,  1.50018005e-03,  7.95207099e-03,  3.76281474e-03,  5.70431735e-03,  2.85123417e-02,  1.94269238e-03, -5.72697454e-04, -6.82777859e-02, -1.31834787e-03,  2.14977620e-02,  1.41786389e-01,  1.33855491e-01,  9.72301001e-01,  1.59116548e-03,  7.10514660e-03,  1.26294788e-02 ]
      - [ 3.40224655e-04, -4.56100677e-04, -6.38760406e-03,  4.14383967e-04,  1.67051200e-03, -1.22114704e-03,  1.83414360e-03,  5.04484217e-03,  5.77544235e-04, -4.40246402e-04, -1.58651366e-02,  4.69912964e-04, -3.15807079e-04, -6.83319383e-03,  2.00392858e-03,  1.59116548e-03,  1.18774561e-03,  1.44655774e-03, -3.03230173e-02 ]
      - [ 1.25634038e-03, -1.13851602e-03, -1.92905646e-02,  1.66220159e-03,  6.87476758e-03, -5.25200986e-03,  6.30676349e-03,  1.62532568e-02,  2.23716471e-03, -7.03442524e-04, -5.66120908e-02,  1.60739731e-03,  5.63549127e-03, -6.69724030e-02,  1.37925959e-02,  7.10514660e-03,  1.44655774e-03,  9.72300044e-02,  5.36618301e-01 ]
      - [-1.68277465e-03,  6.65588206e-03,  1.15171186e-01,  5.73757594e-04,  3.47997374e-03,  6.04872633e-04, -1.71950383e-02, -5.27745698e-02,  2.68531305e-04,  8.20600944e-03,  8.01859583e-02,  6.62908482e-04, -4.29976342e-03,  7.18485309e-02, -2.43598650e-03,  1.26294788e-02, -3.03230173e-02,  5.36618301e-01,  5.85862899e+00 ]
