CMS+LHCb Bs->mumu 2014:
  experiment: CMS+LHCb
  inspire: CMS:2014xfa
  values:
    BR(Bs->mumu): (2.8+0.7-0.6)*1e9
    BR(Bd->mumu): (3.9+1.6-1.4)*1e9

HFAG rad 2014:
  experiment: HFAG
  inspire: Amhis:2012bh
  url: http://www.slac.stanford.edu/xorg/hfag/rare/2014/radll/OUTPUT/TABLES/radll.pdf
  values:
    BR(B+->K*gamma): 42.1 ± 1.8 e-6
    BR(B0->K*gamma): 43.3 ± 1.5 e-6

HFAG osc summer 2015:
  experiment: HFAG
  inspire: Amhis:2012bh
  url: http://www.slac.stanford.edu/xorg/hfag/osc/summer_2015/
  values:
    # to convert numbers from inverse picoseconds to GeV, divide by
    # ps = 1.519267515435317e+12 [1/GeV]
    DeltaM_d: 3.327(13)e-13 # this is 0.5055 ± 0.0020 ps^-1
    DeltaM_s: 1.1688(14)e-11 # this is  17.757 ± 0.02  ps^-1
    a_fs_d: -0.0015 ± 0.0017
    a_fs_s: -0.0075 ± 0.0041

HFAG UT summer 2015:
  experiment: HFAG
  inspire: Amhis:2012bh
  url: http://www.slac.stanford.edu/xorg/hfag/triangle/summer2015/index.shtml
  values:
    S_psiphi: -0.034 ± 0.033 # NB this is actually phi_s^ccbars
    S_psiK: 0.679 ± 0.020 # NB this is actually an average of several b->ccbard modes

PDG kaon CPV:
  experiment: PDG
  values:
    eps_K: 2.228(11)e-3

CMS B->K*mumu 2015:
  experiment: CMS
  inspire: Khachatryan:2015isa
  values:
    - name: <FL>(B0->K*mumu)
      q2min: 1
      q2max: 2
      value: 0.64 + 0.10 − 0.09 ± 0.07
    - name: <FL>(B0->K*mumu)
      q2min: 2
      q2max: 4.3
      value:  0.80 ± 0.08 ± 0.06
    - name: <FL>(B0->K*mumu)
      q2min: 4.3
      q2max: 6
      value: 0.62 + 0.10 − 0.09 ± 0.07
    - name: <FL>(B0->K*mumu)
      q2min: 6
      q2max: 8.68
      value:  0.50 ± 0.06 ± 0.06
    - name: <FL>(B0->K*mumu)
      q2min: 14.18
      q2max: 16
      value: 0.48 + 0.05 − 0.06 ± 0.04
    - name: <FL>(B0->K*mumu)
      q2min: 16
      q2max: 19
      value:  0.38 + 0.05 − 0.06 ± 0.04

LHCb B->K*mumu 2015 1.1-6.0:
  experiment: LHCb
  inspire: Aaij:2015oid
  values:
    - name: <FL>(B0->K*mumu)
      q2min: 1.1
      q2max: 6
      value: 0.690 +0.035 −0.036 ± 0.017
    - name: <S3>(B0->K*mumu)
      q2min: 1.1
      q2max: 6
      value: 0.012 +0.038−0.038 ± 0.004
    - name: <S4>(B0->K*mumu)
      q2min: 1.1
      q2max: 6
      value: −0.155 +0.057−0.056 ± 0.004
    - name: <S5>(B0->K*mumu)
      q2min: 1.1
      q2max: 6
      value: −0.023 +0.050−0.049 ± 0.005
    - name: <AFB>(B0->K*mumu)
      q2min: 1.1
      q2max: 6
      value: −0.075 +0.032−0.034 ± 0.007
    - name: <S7>(B0->K*mumu)
      q2min: 1.1
      q2max: 6
      value: −0.077 +0.050−0.049 ± 0.006
    - name: <S8>(B0->K*mumu)
      q2min: 1.1
      q2max: 6
      value: 0.028 +0.058−0.057 ± 0.008
    - name: <S9>(B0->K*mumu)
      q2min: 1.1
      q2max: 6
      value: −0.064 +0.042−0.041 ± 0.004
  correlation: [[1.00, -0.04, 0.05, 0.03, 0.05, -0.04, -0.01, 0.08],
                [1.00, -0.05, -0.00, 0.05, 0.01, 0.01, -0.01],
                [1.00, -0.05, -0.11, -0.02, -0.01, 0.05],
                [1.00, -0.07, -0.01, -0.02, -0.04],
                [1.00, 0.02, -0.02, -0.04],
                [1.00, 0.04, -0.01],
                [1.00, -0.03],
                [1.00]]

Belle B0->pilnu 2013:
  experiment: Belle
  inspire: Sibidanov:2013rkk
  values:
    - name: <BR>(B0->pilnu)
      q2min: 0
      q2max: 2
      value: 19.5±3.2 e-6
    - name: <BR>(B0->pilnu)
      q2min: 2
      q2max: 4
      value: 10.6±2.7 e-6
    - name: <BR>(B0->pilnu)
      q2min: 4
      q2max: 6
      value: 15.1±2.8 e-6
    - name: <BR>(B0->pilnu)
      q2min: 6
      q2max: 8
      value: 9.7±2.3 e-6
    - name: <BR>(B0->pilnu)
      q2min: 8
      q2max: 10
      value:  7.8±2.2 e-6
    - name: <BR>(B0->pilnu)
      q2min: 10
      q2max: 12
      value: 15.9±2.8 e-6
    - name: <BR>(B0->pilnu)
      q2min: 12
      q2max: 14
      value:  13.5±2.7 e-6
    - name: <BR>(B0->pilnu)
      q2min: 14
      q2max: 16
      value: 13.6±2.8 e-6
    - name: <BR>(B0->pilnu)
      q2min: 16
      q2max: 18
      value: 10.7±2.5 e-6
    - name: <BR>(B0->pilnu)
      q2min: 18
      q2max: 20
      value: 11.6±2.5 e-6
    - name: <BR>(B0->pilnu)
      q2min: 20
      q2max: 22
      value:  11.8±2.8 e-6
    - name: <BR>(B0->pilnu)
      q2min: 22
      q2max: 24
      value: 6.7±2.1 e-6
    - name: <BR>(B0->pilnu)
      q2min: 24
      q2max: 26
      value:  2.8±3.1 e-6
  correlation: [[ 1.   , -0.145,  0.01 , -0.001,  0.   ,  0.   ,  0.   ,  0.   , 0.   , -0.   , -0.   ,  0.001,  0.001],
                [-0.145,  1.   , -0.1  ,  0.008, -0.   ,  0.001, -0.002, -0.001, -0.001,  0.001, -0.001, -0.   ,  0.   ],
                [ 0.01 , -0.1  ,  1.   , -0.094,  0.003, -0.001,  0.   ,  0.001, 0.001, -0.002, -0.002,  0.   ,  0.004],
                [-0.001,  0.008, -0.094,  1.   , -0.078,  0.005,  0.   ,  0.   , 0.001, -0.001,  0.002,  0.002,  0.005],
                [ 0.   , -0.   ,  0.003, -0.078,  1.   , -0.097,  0.003,  0.001, 0.001,  0.   ,  0.004,  0.003,  0.009],
                [ 0.   ,  0.001, -0.001,  0.005, -0.097,  1.   , -0.072,  0.005, 0.001,  0.003,  0.005,  0.004,  0.013],
                [ 0.   , -0.002,  0.   ,  0.   ,  0.003, -0.072,  1.   , -0.062, 0.004,  0.002,  0.001,  0.002,  0.01 ],
                [ 0.   , -0.001,  0.001,  0.   ,  0.001,  0.005, -0.062,  1.   , -0.059,  0.002,  0.003,  0.002,  0.011],
                [ 0.   , -0.001,  0.001,  0.001,  0.001,  0.001,  0.004, -0.059, 1.   , -0.047,  0.001, -0.   ,  0.009],
                [-0.   ,  0.001, -0.002, -0.001,  0.   ,  0.003,  0.002,  0.002, -0.047,  1.   , -0.018,  0.002,  0.005],
                [-0.   , -0.001, -0.002,  0.002,  0.004,  0.005,  0.001,  0.003, 0.001, -0.018,  1.   , -0.055, -0.02 ],
                [ 0.001, -0.   ,  0.   ,  0.002,  0.003,  0.004,  0.002,  0.002, -0.   ,  0.002, -0.055,  1.   , -0.012],
                [ 0.001,  0.   ,  0.004,  0.005,  0.009,  0.013,  0.01 ,  0.011, 0.009,  0.005, -0.02 , -0.012,  1.   ]]

Belle B0->pilnu 2013 total BR:
  experiment: Belle
  inspire: Sibidanov:2013rkk
  values:
    BR(B0->pilnu): 149.4±9.1 e-6

Belle B+->pilnu 2013 total BR:
  experiment: Belle
  inspire: Sibidanov:2013rkk
  values:
    BR(B+->pilnu):  81.2±7.4 e-6

Belle B0->rholnu 2013 total BR:
  experiment: Belle
  inspire: Sibidanov:2013rkk
  values:
    BR(B0->rholnu): 326.2±26.3 e-6

Belle B+->rholnu 2013 total BR:
  experiment: Belle
  inspire: Sibidanov:2013rkk
  values:
    BR(B+->rholnu): 183.5±10.4

Belle B+->pilnu 2013:
  experiment: Belle
  inspire: Sibidanov:2013rkk
  values:
    - name: <BR>(B+->pilnu)
      q2min: 0
      q2max: 4
      value: 18.1±3. e-6
    - name: <BR>(B+->pilnu)
      q2min: 4
      q2max: 8
      value: 15.7±3.4 e-6
    - name: <BR>(B+->pilnu)
      q2min: 8
      q2max: 12
      value: 10.8±2.7 e-6
    - name: <BR>(B+->pilnu)
      q2min: 12
      q2max: 16
      value: 18.5±3.4 e-6
    - name: <BR>(B+->pilnu)
      q2min: 16
      q2max: 20
      value: 10.7±2.8 e-6
    - name: <BR>(B+->pilnu)
      q2min: 20
      q2max: 24
      value: 5.1±2. e-6
    - name: <BR>(B+->pilnu)
      q2min: 24
      q2max: 28
      value: 2.3±2.5 e-6
  correlation: [[ 1.   , -0.159,  0.035,  0.012,  0.013,  0.016,  0.021],
               [-0.159,  1.   , -0.149,  0.03 ,  0.013,  0.015,  0.025],
               [ 0.035, -0.149,  1.   , -0.098,  0.034,  0.028,  0.042],
               [ 0.012,  0.03 , -0.098,  1.   , -0.112,  0.028,  0.035],
               [ 0.013,  0.013,  0.034, -0.112,  1.   , -0.115,  0.026],
               [ 0.016,  0.015,  0.028,  0.028, -0.115,  1.   , -0.131],
               [ 0.021,  0.025,  0.042,  0.035,  0.026, -0.131,  1.   ]]


Belle B0->rholnu 2013:
  experiment: Belle
  inspire: Sibidanov:2013rkk
  values:
    - name: <BR>(B0->rholnu)
      q2min: 0
      q2max: 4
      value: 37.3±10. e-6
    - name: <BR>(B0->rholnu)
      q2min: 4
      q2max: 8
      value:  71.8±11.6 e-6
    - name: <BR>(B0->rholnu)
      q2min: 8
      q2max: 12
      value:  80.6±12.3 e-6
    - name: <BR>(B0->rholnu)
      q2min: 12
      q2max: 16
      value: 72.3±12.5 e-6
    - name: <BR>(B0->rholnu)
      q2min: 16
      q2max: 20
      value: 62.6±11.5 e-6
    - name: <BR>(B0->rholnu)
      q2min: 20
      q2max: 24
      value: 1.7± 7.9 e-6
  correlation: [[ 1.   , -0.141,  0.024,  0.009,  0.011,  0.016],
               [-0.141,  1.   , -0.112,  0.03 ,  0.024,  0.025],
               [ 0.024, -0.112,  1.   , -0.075,  0.05 ,  0.058],
               [ 0.009,  0.03 , -0.075,  1.   , -0.088,  0.061],
               [ 0.011,  0.024,  0.05 , -0.088,  1.   , -0.102],
               [ 0.016,  0.025,  0.058,  0.061, -0.102,  1.   ]]

Belle B+->rholnu 2013:
  experiment: Belle
  inspire: Sibidanov:2013rkk
  values:
    - name: <BR>(B+->rholnu)
      q2min: 0
      q2max: 2
      value: 12.4±3.4  e-6
    - name: <BR>(B+->rholnu)
      q2min: 2
      q2max: 4
      value:  15.3±3.1 e-6
    - name: <BR>(B+->rholnu)
      q2min: 4
      q2max: 6
      value: 17.9±3.4 e-6
    - name: <BR>(B+->rholnu)
      q2min: 6
      q2max: 8
      value: 21.7±3.4 e-6
    - name: <BR>(B+->rholnu)
      q2min: 8
      q2max: 10
      value: 14.3±2.9 e-6
    - name: <BR>(B+->rholnu)
      q2min: 10
      q2max: 12
      value: 19.9±3.4 e-6
    - name: <BR>(B+->rholnu)
      q2min: 12
      q2max: 14
      value:  22.4±3.4 e-6
    - name: <BR>(B+->rholnu)
      q2min: 14
      q2max: 16
      value:  21.7±3.3 e-6
    - name: <BR>(B+->rholnu)
      q2min: 16
      q2max: 18
      value: 17.5±3.2 e-6
    - name: <BR>(B+->rholnu)
      q2min: 18
      q2max: 20
      value:  14.3±2.8 e-6
    - name: <BR>(B+->rholnu)
      q2min: 20
      q2max: 22
      value: 5.9±2.6 e-6
  correlation: [[ 1.   , -0.123,  0.008,  0.   ,  0.002,  0.002,  0.002,  0.003, 0.003,  0.003,  0.003],
               [-0.123,  1.   , -0.109,  0.008,  0.005,  0.005,  0.006,  0.007, 0.009,  0.008,  0.008],
               [ 0.008, -0.109,  1.   , -0.097,  0.009,  0.009,  0.008,  0.009, 0.013,  0.011,  0.011],
               [ 0.   ,  0.008, -0.097,  1.   , -0.088,  0.014,  0.012,  0.015, 0.018,  0.014,  0.016],
               [ 0.002,  0.005,  0.009, -0.088,  1.   , -0.093,  0.015,  0.016, 0.021,  0.017,  0.018],
               [ 0.002,  0.005,  0.009,  0.014, -0.093,  1.   , -0.066,  0.019, 0.027,  0.023,  0.024],
               [ 0.002,  0.006,  0.008,  0.012,  0.015, -0.066,  1.   , -0.048, 0.018,  0.018,  0.024],
               [ 0.003,  0.007,  0.009,  0.015,  0.016,  0.019, -0.048,  1.   , -0.039,  0.023,  0.025],
               [ 0.003,  0.009,  0.013,  0.018,  0.021,  0.027,  0.018, -0.039, 1.   , -0.038,  0.027],
               [ 0.003,  0.008,  0.011,  0.014,  0.017,  0.023,  0.018,  0.023, -0.038,  1.   , -0.052],
               [ 0.003,  0.008,  0.011,  0.016,  0.018,  0.024,  0.024,  0.025, 0.027, -0.052,  1.   ]]
