# This file contains paraemeter values and uncertainties for parameters
# that have correlated uncertainties


# Decay constants of charged and neutral mesons are highly correlated; in
# fact they are equal up to isosin breaking effects.
# for now, just assume 99% correlation
-
  values:
    - f_K+: 0.1556(4) # FLAG 2016 Nf=2+1+1
    - f_K0: 0.1556(4)
  correlation: 0.99
-
  values:
    - f_perp_K*+: 0.159(6) # 1503.05534v2 table 1
    - f_perp_K*0: 0.159(6)
  correlation: 0.99
-
  values:
    - f_perp_rho+: 0.160(7) # 1503.05534v2 table 1
    - f_perp_rho0: 0.160(7)
  correlation: 0.99
-
  values:
    - f_pi+: 0.1302(14)  # FLAG 2013/2016 Nf=2+1
    - f_pi0: 0.1302(14)
  correlation: 0.99
-
  values:
    - f_B+: 0.1920(43)
    - f_B0: 0.1920(43)  # FLAG 2016 Nf=2+1
    - f_Bs: 0.2284(37)  # FLAG 2016 Nf=2+1
  correlation: [[1, 0.99, 0.8], [1, 0.8], [1]] # D+/D0 correlation is 99%, B0/Bs is 80%
-
  values:
    - f_D+: 0.21215(145)
    - f_D0: 0.21215(145)  # FLAG 2016 Nf=2+1+1
    - f_Ds: 0.24883(127)  # FLAG 2016 Nf=2+1+1
  correlation: [[1, 0.99, 0.9], [1, 0.9], [1]] # D+/D0 correlation is 99%, D0/Ds is 90%
-
  values:
    - f_K*+: 0.204(7)
    - f_K*0: 0.204(7)  # 1503.05534v2 table 1
  correlation: 0.99
-
  values:
    - a2_para_K*+: 0.16(9)
    - a2_para_K*0: 0.16(9)
  correlation: 0.99
-
  values:
    - a2_perp_K*+: 0.10(8)
    - a2_perp_K*0: 0.10(8)
  correlation: 0.99
-
  values:
    - a1_para_K*+: 0.06(4)
    - a1_para_K*0: 0.06(4)
  correlation: 0.99
-
  values:
    - a1_perp_K*+: 0.04(3)
    - a1_perp_K*0: 0.04(3)
  correlation: 0.99
-
  values:
    - a2_para_rho+: 0.17(7)
    - a2_para_rho0: 0.17(7)
  correlation: 0.99
-
  values:
    - a2_perp_rho+: 0.14(6)
    - a2_perp_rho0: 0.14(6)
  correlation: 0.99

# Subleading hadronic effects in B->Vll
-
  values:
    - B0->K*0 deltaC7 a_0 Re: 0 ± 0.06 # see eq. (26) of arXiv:1503.05534v1
    - B+->K*+ deltaC7 a_0 Re: 0 ± 0.06
    - Bs->phi deltaC7 a_0 Re: 0 ± 0.06
  correlation:
    [[1, 0.99, 0.9], [1, 0.9], [1]] # B+/B0 correlation is 99%, B0/Bs is 90%
-
  values:
    - B0->K*0 deltaC7 b_0 Re: 0 ± 0.025 # see eq. (12) of arXiv:1411.3161v4
    - B+->K*+ deltaC7 b_0 Re: 0 ± 0.025
    - Bs->phi deltaC7 b_0 Re: 0 ± 0.025
  correlation:
    [[1, 0.99, 0.9], [1, 0.9], [1]] # B+/B0 correlation is 99%, B0/Bs is 90%
-
  values:
    - B0->K*0 deltaC7p a_+ Re: 0 ± 0.004
    - B+->K*+ deltaC7p a_+ Re: 0 ± 0.004
    - Bs->phi deltaC7p a_+ Re: 0 ± 0.004
  correlation:
    [[1, 0.99, 0.9], [1, 0.9], [1]] # B+/B0 correlation is 99%, B0/Bs is 90%
-
  values:
    - B0->K*0 deltaC7p b_+ Re: 0 ± 0.005
    - B+->K*+ deltaC7p b_+ Re: 0 ± 0.005
    - Bs->phi deltaC7p b_+ Re: 0 ± 0.005
  correlation:
    [[1, 0.99, 0.9], [1, 0.9], [1]] # B+/B0 correlation is 99%, B0/Bs is 90%
-
  values:
    - B0->K*0 deltaC7 a_- Re: 0 ± 0.015 # see eq. (26) of arXiv:1503.05534v1
    - B+->K*+ deltaC7 a_- Re: 0 ± 0.015
    - Bs->phi deltaC7 a_- Re: 0 ± 0.015
  correlation:
    [[1, 0.99, 0.9], [1, 0.9], [1]] # B+/B0 correlation is 99%, B0/Bs is 90%
-
  values:
    - B0->K*0 deltaC7 b_- Re: 0 ± 0.01 # see eq. (26) of arXiv:1503.05534v1
    - B+->K*+ deltaC7 b_- Re: 0 ± 0.01
    - Bs->phi deltaC7 b_- Re: 0 ± 0.01
  correlation:
    [[1, 0.99, 0.9], [1, 0.9], [1]] # B+/B0 correlation is 99%, B0/Bs is 90%
-
  values:
    - B0->K*0 deltaC7 a_0 Im: 0 ± 0.06 # see eq. (26) of arXiv:1503.05534v1
    - B+->K*+ deltaC7 a_0 Im: 0 ± 0.06
    - Bs->phi deltaC7 a_0 Im: 0 ± 0.06
  correlation:
    [[1, 0.99, 0.9], [1, 0.9], [1]] # B+/B0 correlation is 99%, B0/Bs is 90%
-
  values:
    - B0->K*0 deltaC7 b_0 Im: 0 ± 0.025 # see eq. (12) of arXiv:1411.3161v4
    - B+->K*+ deltaC7 b_0 Im: 0 ± 0.025
    - Bs->phi deltaC7 b_0 Im: 0 ± 0.025
  correlation:
    [[1, 0.99, 0.9], [1, 0.9], [1]] # B+/B0 correlation is 99%, B0/Bs is 90%
-
  values:
    - B0->K*0 deltaC7p a_+ Im: 0 ± 0.004
    - B+->K*+ deltaC7p a_+ Im: 0 ± 0.004
    - Bs->phi deltaC7p a_+ Im: 0 ± 0.004
  correlation:
    [[1, 0.99, 0.9], [1, 0.9], [1]] # B+/B0 correlation is 99%, B0/Bs is 90%
-
  values:
    - B0->K*0 deltaC7p b_+ Im: 0 ± 0.005
    - B+->K*+ deltaC7p b_+ Im: 0 ± 0.005
    - Bs->phi deltaC7p b_+ Im: 0 ± 0.005
  correlation:
    [[1, 0.99, 0.9], [1, 0.9], [1]] # B+/B0 correlation is 99%, B0/Bs is 90%
-
  values:
    - B0->K*0 deltaC7 a_- Im: 0 ± 0.015 # see eq. (26) of arXiv:1503.05534v1
    - B+->K*+ deltaC7 a_- Im: 0 ± 0.015
    - Bs->phi deltaC7 a_- Im: 0 ± 0.015
  correlation:
    [[1, 0.99, 0.9], [1, 0.9], [1]] # B+/B0 correlation is 99%, B0/Bs is 90%
-
  values:
    - B0->K*0 deltaC7 b_- Im: 0 ± 0.01 # see eq. (26) of arXiv:1503.05534v1
    - B+->K*+ deltaC7 b_- Im: 0 ± 0.01
    - Bs->phi deltaC7 b_- Im: 0 ± 0.01
  correlation:
    [[1, 0.99, 0.9], [1, 0.9], [1]] # B+/B0 correlation is 99%, B0/Bs is 90%
-
  values:
    - B0->K*0 deltaC9 c_0 Re: 0 ± 0.3 # see 1411.3161v4
    - B+->K*+ deltaC9 c_0 Re: 0 ± 0.3
    - Bs->phi deltaC9 c_0 Re: 0 ± 0.3
  correlation:
    [[1, 0.99, 0.9], [1, 0.9], [1]] # B+/B0 correlation is 99%, B0/Bs is 90%
-
  values:
    - B0->K*0 deltaC9 c_0 Im: 0 ± 0.3 # see 1411.3161v4
    - B+->K*+ deltaC9 c_0 Im: 0 ± 0.3
    - Bs->phi deltaC9 c_0 Im: 0 ± 0.3
  correlation:
    [[1, 0.99, 0.9], [1, 0.9], [1]] # B+/B0 correlation is 99%, B0/Bs is 90%
-
  values:
    - B0->K*0 deltaC9 c_+ Re: 0 ± 0.3 # see 1411.3161v4
    - B+->K*+ deltaC9 c_+ Re: 0 ± 0.3
    - Bs->phi deltaC9 c_+ Re: 0 ± 0.3
  correlation:
    [[1, 0.99, 0.9], [1, 0.9], [1]] # B+/B0 correlation is 99%, B0/Bs is 90%
-
  values:
    - B0->K*0 deltaC9 c_+ Im: 0 ± 0.3 # see 1411.3161v4
    - B+->K*+ deltaC9 c_+ Im: 0 ± 0.3
    - Bs->phi deltaC9 c_+ Im: 0 ± 0.3
  correlation:
    [[1, 0.99, 0.9], [1, 0.9], [1]] # B+/B0 correlation is 99%, B0/Bs is 90%
-
  values:
    - B0->K*0 deltaC9 c_- Re: 0 ± 0.3 # see 1411.3161v4
    - B+->K*+ deltaC9 c_- Re: 0 ± 0.3
    - Bs->phi deltaC9 c_- Re: 0 ± 0.3
  correlation:
    [[1, 0.99, 0.9], [1, 0.9], [1]] # B+/B0 correlation is 99%, B0/Bs is 90%
-
  values:
    - B0->K*0 deltaC9 c_- Im: 0 ± 0.3 # see 1411.3161v4
    - B+->K*+ deltaC9 c_- Im: 0 ± 0.3
    - Bs->phi deltaC9 c_- Im: 0 ± 0.3
  correlation:
    [[1, 0.99, 0.9], [1, 0.9], [1]] # B+/B0 correlation is 99%, B0/Bs is 90%


# Subleading hadronic effects in B->Pll
-
  values:
    - B0->K0 deltaC9 a Re: 0 ± 0.08 # see 1411.3161v4
    - B+->K+ deltaC9 a Re: 0 ± 0.08
  correlation: 0.99
-
  values:
    - B0->K0 deltaC9 a Im: 0 ± 0.08 # see 1411.3161v4
    - B+->K+ deltaC9 a Im: 0 ± 0.08
  correlation: 0.99
-
  values:
    - B0->K0 deltaC9 b Re: 0 ± 0.03 # see 1411.3161v4
    - B+->K+ deltaC9 b Re: 0 ± 0.03
  correlation: 0.99
-
  values:
    - B0->K0 deltaC9 b Im: 0 ± 0.03 # see 1411.3161v4
    - B+->K+ deltaC9 b Im: 0 ± 0.03
  correlation: 0.99
-
  values:
    - B0->K0 deltaC9 c Re: 0 ± 0.2 # see 1411.3161v4
    - B+->K+ deltaC9 c Re: 0 ± 0.2
  correlation: 0.99
-
  values:
    - B0->K0 deltaC9 c Im: 0 ± 0.2 # see 1411.3161v4
    - B+->K+ deltaC9 c Im: 0 ± 0.2
  correlation: 0.99

# B->D* form factors, HFAG 2014
-
  values:
    - B->D* CLN rho2: 1.207 ± 0.026
    - B->D* CLN R_1(1): 1.406 ± 0.033
    - B->D* CLN R_2(1): 0.853 ± 0.020
  correlation:
    [[1, 0.568, -0.809],
     [1, -0.758],
     [1]]

# B->D form factors, HPQCD 2015, 1505.03925
-
  values:
    - B->D BCL a0_f0: 0.647(29)
    - B->D BCL a1_f0: 0.27(30)
    - B->D BCL a2_f0: -0.09(2.94)
    - B->D BCL a0_f+: 0.836(33)
    - B->D BCL a1_f+: -2.66(52)
    - B->D BCL a2_f+: -0.07(2.96)
  correlation:
    [[1., -0.129085, -0.0593469, 0.506834, 0.249601,
      0.0642397], [-0.129085, 1., -0.121474, 0.0543674, 0.365951,
      0.0205919], [-0.0593469, -0.121474, 1., 0.0710752, 0.162423,
      0.0276222], [0.506834, 0.0543674, 0.0710752,
      1., -0.441917, -0.0763318], [0.249601, 0.365951,
      0.162423, -0.441917, 1., -0.22982], [0.0642397, 0.0205919,
      0.0276222, -0.0763318, -0.22982, 1.]]

# B->pi form factors, FNAL/MILC 2015, 1503.07839 & 1507.01618v3

-
  values:
    - B->pi BCL a0_f+: 0.407(15)
    - B->pi BCL a1_f+: -0.65(16)
    - B->pi BCL a2_f+: -0.46(88)
    - B->pi BCL a3_f+: 0.4(1.3)
    - B->pi BCL a0_f0: 0.507(22)
    - B->pi BCL a1_f0: -1.77(18)
    - B->pi BCL a2_f0: 1.27(81)
    - B->pi BCL a3_f0: 4.2(1.4)
    - B->pi BCL a0_fT: 0.393(17)
    - B->pi BCL a1_fT: -0.65(23)
    - B->pi BCL a2_fT: -0.6(1.5)
    - B->pi BCL a3_fT: 0.1(2.8)
  correlation:
    [[1, 0.451, 0.161, 0.102, 0.331, 0.346, 0.292, 0.216, 0.638, 0.321,  0.123, 0.084],
     [0.451, 1, 0.757, 0.665, 0.43, 0.817, 0.854, 0.699,  0.321, 0.397, 0.162, 0.109],
     [0.161, 0.757, 1, 0.988, 0.482, 0.847,  0.951, 0.795, 0.114, 0.202, 0.198, 0.179],
     [0.102, 0.665, 0.988, 1,  0.484, 0.833, 0.913, 0.714, 0.07, 0.152, 0.192, 0.18],
     [0.331, 0.43, 0.482, 0.484, 1, 0.447, 0.359, 0.189, 0.331, 0.136, 0.089,  0.073],
     [0.346, 0.817, 0.847, 0.833, 0.447, 1, 0.827, 0.5, 0.203,  0.313, 0.198, 0.162],
     [0.292, 0.854, 0.951, 0.913, 0.359, 0.827, 1,  0.838, 0.204, 0.268, 0.186, 0.155],
     [0.216, 0.699, 0.795, 0.714,  0.189, 0.5, 0.838, 1, 0.151, 0.203, 0.169, 0.149],
     [0.638, 0.321,  0.114, 0.07, 0.331, 0.203, 0.204, 0.151, 1, 0.4, 0.204, 0.166],
     [0.321, 0.397, 0.202, 0.152, 0.136, 0.313, 0.268, 0.203,  0.4, 1, 0.862, 0.806],
     [0.123, 0.162, 0.198, 0.192, 0.089, 0.198,  0.186, 0.169, 0.204, 0.862, 1, 0.989],
     [0.084, 0.109, 0.179, 0.18,  0.073, 0.162, 0.155, 0.149, 0.166, 0.806, 0.989, 1]]

# B->K form factors, FNAL/MILC 2015, 1509.06235v1

-
  values:
    - B->K BCL a0_f+: 0.466 ± 0.014
    - B->K BCL a1_f+: -0.885 ±  0.128
    - B->K BCL a2_f+: -0.213 ± 0.548
    - B->K BCL a0_f0: 0.292 ± 0.010
    - B->K BCL a1_f0: 0.281 ± 0.125
    - B->K BCL a2_f0: 0.150 ± 0.441
    - B->K BCL a0_fT: 0.460 ± 0.019
    - B->K BCL a1_fT: -1.089 ± 0.236
    - B->K BCL a2_fT: -1.114 ± 0.971
  correlation:
    [[1.000, 0.450, 0.190, 0.857, 0.598, 0.531, 0.752, 0.229, 0.117],
    [0.000, 1.000, 0.677, 0.708, 0.958, 0.927, 0.227, 0.443, 0.287],
    [0.000, 0.000, 1.000, 0.595, 0.770, 0.819, -0.023, 0.070, 0.196],
    [0.000, 0.000, 0.000, 1.000, 0.830, 0.766, 0.582, 0.237, 0.192],
    [0.000, 0.000, 0.000, 0.000, 1.000, 0.973, 0.324, 0.372, 0.272],
    [0.000, 0.000, 0.000, 0.000, 0.000, 1.000, 0.268, 0.332, 0.269],
    [0.000, 0.000, 0.000, 0.000, 0.000, 0.000, 1.000, 0.590, 0.515],
    [0.000, 0.000, 0.000, 0.000, 0.000, 0.000, 0.000, 1.000, 0.897],
    [0.000, 0.000, 0.000, 0.000, 0.000, 0.000, 0.000, 0.000, 1.000]]

# B_q bag parameters, FNAL/MILC 2015, arXiv:1602.03560v2

-
  values:
    - bag_B0_1: 0.913(76)(40)
    - bag_B0_2: 0.761(68)(33)
    - bag_B0_3: 1.040(75)(45)
    - bag_B0_4: 1.07(21)(5)
    - bag_B0_5: 0.964(93)(42)
    - bag_Bs_1: 0.952(58)(32)
    - bag_Bs_2: 0.806(52)(27)
    - bag_Bs_3: 1.10(15)(4)
    - bag_Bs_4: 1.022(57)(34)
    - bag_Bs_5: 0.943(68)(31)
  correlation:
    [[1,    0.504, 0.162, 0.494, 0.422, 0.754, 0.311, 0.077, 0.264, 0.246],
    [0.504, 1,     0.282, 0.494, 0.389, 0.311, 0.766, 0.201, 0.283, 0.226],
    [0.162, 0.282, 1,     0.225, 0.148, 0.068, 0.179, 0.929, 0.115, 0.063],
    [0.494, 0.494, 0.225, 1,     0.528, 0.279, 0.297, 0.134, 0.705, 0.332],
    [0.422, 0.389, 0.148, 0.528, 1,     0.247, 0.228, 0.074, 0.318, 0.797],
    [0.754, 0.311, 0.068, 0.279, 0.247, 1,     0.575, 0.215, 0.560, 0.486],
    [0.311, 0.766, 0.179, 0.297, 0.228, 0.575, 1,     0.329, 0.581, 0.466],
    [0.077, 0.201, 0.929, 0.134, 0.074, 0.215, 0.329, 1,     0.278, 0.195],
    [0.264, 0.283, 0.115, 0.705, 0.318, 0.560, 0.581, 0.278, 1,     0.581],
    [0.246, 0.226, 0.063, 0.332, 0.797, 0.486, 0.466, 0.195, 0.581, 1    ]]


# Experimental data needed for the normalization of BR(B->Xsgamma)
-
  values:
    - C_BXlnu: 0.567(7)
    - BR(B->Xcenu)_exp: 0.1067(16)
  correlation: -0.10

# Electromagnetic corrections in Kl3 decays
# 1005.2323 table 1 & eq. 18
-
  values:
    - K0e3 delta_EM: 0.495(110)1e-2
    - K+e3 delta_EM: 0.050(125)1e-2
    - K0mu3 delta_EM: 0.700(110)1e-2
    - K+mu3 delta_EM: 0.008(125)1e-2
  correlation:
    [[1, 0.081, 0.685, -0.147], [1, -0.147, 0.764], [1, 0.081], [1]]
