# This file contains parameter values and uncertainties for parameters
# that have correlated uncertainties

# Quark masses from arXiv:1802.04248
# The correlation is assumed to be the same as the one for the quark masses
# at a common scale of 3 GeV, that is extracted from table IV.
-
  values:
    - m_c: 1.273(10)
    - m_b: 4.195(14)
    - m_s: 0.09247(69)
    - m_d: 0.004675(56)
    - m_u: 0.002130(41)
  correlation:
    [[1., 0.957, 0.933, 0.613, 0.136],
    [0.957, 1., 0.943, 0.625, 0.181],
    [0.933, 0.943, 1., 0.703, 0.292],
    [0.613, 0.625, 0.703, 1., -0.16],
    [0.136, 0.181, 0.292, -0.16, 1.]]


# Decay constants of charged and neutral mesons are highly correlated; in
# fact they are equal up to isospin breaking effects.
# for now, just assume 99% correlation

# In order not to depend on the experimental value of f_pi, f_pi is taken
# from the FLAG lattice average and f_K and its correlation with f_pi
# from the FLAG lattice average of the ratio f_K/f_pi.
# This way, lattice determinations of f_K that use the measurement of f_pi
# to set the scale are not used.
#
# The f_K uncertainty and correlation are calculated by assuming f_pi and
# f_K/f_pi are totally uncorrelated - see discussion at
# https://github.com/flav-io/flavio/issues/171 and/or the code at
# https://gist.github.com/DavidMStraub/813bd0c4296837936a188a29c8d8b981
-
  values:
    - f_K+: 0.1554(10)  # reproduce f_K/f_pi=1.1932(21) from FLAG 2021 Nf=2+1+1
    - f_K0: 0.1554(10)
    - f_pi+: 0.1302(8)  # FLAG 2021 Nf=2+1
    - f_pi0: 0.1302(8)
  correlation:
    [[1, 0.99, 0.961, 0.961],
     [0.99, 1, 0.961, 0.961],
     [0.961, 0.961, 1, 0.99],
     [0.961, 0.961, 0.99, 1]]

-
  values:
    - f_perp_K*+: 0.145(6)  # 1503.05534v2 table 1, but at 2 GeV
    - f_perp_K*0: 0.145(6)
  correlation: 0.99
-
  values:
    - f_perp_rho+: 0.146(7)  # 1503.05534v2 table 1, but at 2 GeV
    - f_perp_rho0: 0.146(7)
  correlation: 0.99
-
  values:
    - f_B+: 0.1880(16)  # FLAG 2019 Nf=2+1+1, +-1 MeV to account for strong isospin breaking
    - f_B0: 0.1920(16)  # FLAG 2019 Nf=2+1+1, +-1 MeV to account for strong isospin breaking
    - f_Bs: 0.2303(13)  # FLAG 2019 Nf=2+1+1
  correlation: [[1, 0.65, 0.55], [1, 0.55], [1]] # B+/B0 correlation is 65% (to get 1.3 MeV FLAG error on average f), B0/Bs is 55% (to get 0.005 FLAG error on ratio)
-
  values:
    - f_D+: 0.2120(7)
    - f_D0: 0.2120(7)  # FLAG 2019 Nf=2+1+1
    - f_Ds: 0.2499(5)  # FLAG 2019 Nf=2+1+1
  correlation: [[1, 0.99, 0.86], [1, 0.86], [1]] # D+/D0 correlation is 99%, D0/Ds is 86% to reproduce 0.0016 error on ratio (FLAG)
-
  values:
    - f_K*+: 0.204(7)
    - f_K*0: 0.204(7)  # 1503.05534v2 table 1
  correlation: 0.99
-
  values:
    - a2_para_K*+: 0.16(9)
    - a2_para_K*0: 0.16(9)
  correlation: 0.99
-
  values:
    - a2_perp_K*+: 0.10(8)
    - a2_perp_K*0: 0.10(8)
  correlation: 0.99
-
  values:
    - a1_para_K*+: 0.06(4)
    - a1_para_K*0: 0.06(4)
  correlation: 0.99
-
  values:
    - a1_perp_K*+: 0.04(3)
    - a1_perp_K*0: 0.04(3)
  correlation: 0.99
-
  values:
    - a2_para_rho+: 0.17(7)
    - a2_para_rho0: 0.17(7)
  correlation: 0.99
-
  values:
    - a2_perp_rho+: 0.14(6)
    - a2_perp_rho0: 0.14(6)
  correlation: 0.99

# Subleading hadronic effects in B->Vll
-
  values:
    - B0->K*0 deltaC7 a_0 Re: 0 ± 0.12
    - B+->K*+ deltaC7 a_0 Re: 0 ± 0.12
    - Bs->phi deltaC7 a_0 Re: 0 ± 0.12
  correlation:
    [[1, 0.99, 0.9], [1, 0.9], [1]] # B+/B0 correlation is 99%, B0/Bs is 90%
-
  values:
    - B0->K*0 deltaC7 b_0 Re: 0 ± 0.05
    - B+->K*+ deltaC7 b_0 Re: 0 ± 0.05
    - Bs->phi deltaC7 b_0 Re: 0 ± 0.05
  correlation:
    [[1, 0.99, 0.9], [1, 0.9], [1]] # B+/B0 correlation is 99%, B0/Bs is 90%
-
  values:
    - B0->K*0 deltaC7p a_+ Re: 0 ± 0.004
    - B+->K*+ deltaC7p a_+ Re: 0 ± 0.004
    - Bs->phi deltaC7p a_+ Re: 0 ± 0.004
  correlation:
    [[1, 0.99, 0.9], [1, 0.9], [1]] # B+/B0 correlation is 99%, B0/Bs is 90%
-
  values:
    - B0->K*0 deltaC7p b_+ Re: 0 ± 0.005
    - B+->K*+ deltaC7p b_+ Re: 0 ± 0.005
    - Bs->phi deltaC7p b_+ Re: 0 ± 0.005
  correlation:
    [[1, 0.99, 0.9], [1, 0.9], [1]] # B+/B0 correlation is 99%, B0/Bs is 90%
-
  values:
    - B0->K*0 deltaC7 a_- Re: 0 ± 0.015 # see eq. (26) of arXiv:1503.05534v1
    - B+->K*+ deltaC7 a_- Re: 0 ± 0.015
    - Bs->phi deltaC7 a_- Re: 0 ± 0.015
  correlation:
    [[1, 0.99, 0.9], [1, 0.9], [1]] # B+/B0 correlation is 99%, B0/Bs is 90%
-
  values:
    - B0->K*0 deltaC7 b_- Re: 0 ± 0.01 # see eq. (26) of arXiv:1503.05534v1
    - B+->K*+ deltaC7 b_- Re: 0 ± 0.01
    - Bs->phi deltaC7 b_- Re: 0 ± 0.01
  correlation:
    [[1, 0.99, 0.9], [1, 0.9], [1]] # B+/B0 correlation is 99%, B0/Bs is 90%
-
  values:
    - B0->K*0 deltaC7 a_0 Im: 0 ± 0.12 # see eq. (26) of arXiv:1503.05534v1
    - B+->K*+ deltaC7 a_0 Im: 0 ± 0.12
    - Bs->phi deltaC7 a_0 Im: 0 ± 0.12
  correlation:
    [[1, 0.99, 0.9], [1, 0.9], [1]] # B+/B0 correlation is 99%, B0/Bs is 90%
-
  values:
    - B0->K*0 deltaC7 b_0 Im: 0 ± 0.05 # see eq. (12) of arXiv:1411.3161v4
    - B+->K*+ deltaC7 b_0 Im: 0 ± 0.05
    - Bs->phi deltaC7 b_0 Im: 0 ± 0.05
  correlation:
    [[1, 0.99, 0.9], [1, 0.9], [1]] # B+/B0 correlation is 99%, B0/Bs is 90%
-
  values:
    - B0->K*0 deltaC7p a_+ Im: 0 ± 0.004
    - B+->K*+ deltaC7p a_+ Im: 0 ± 0.004
    - Bs->phi deltaC7p a_+ Im: 0 ± 0.004
  correlation:
    [[1, 0.99, 0.9], [1, 0.9], [1]] # B+/B0 correlation is 99%, B0/Bs is 90%
-
  values:
    - B0->K*0 deltaC7p b_+ Im: 0 ± 0.005
    - B+->K*+ deltaC7p b_+ Im: 0 ± 0.005
    - Bs->phi deltaC7p b_+ Im: 0 ± 0.005
  correlation:
    [[1, 0.99, 0.9], [1, 0.9], [1]] # B+/B0 correlation is 99%, B0/Bs is 90%
-
  values:
    - B0->K*0 deltaC7 a_- Im: 0 ± 0.015 # see eq. (26) of arXiv:1503.05534v1
    - B+->K*+ deltaC7 a_- Im: 0 ± 0.015
    - Bs->phi deltaC7 a_- Im: 0 ± 0.015
  correlation:
    [[1, 0.99, 0.9], [1, 0.9], [1]] # B+/B0 correlation is 99%, B0/Bs is 90%
-
  values:
    - B0->K*0 deltaC7 b_- Im: 0 ± 0.01 # see eq. (26) of arXiv:1503.05534v1
    - B+->K*+ deltaC7 b_- Im: 0 ± 0.01
    - Bs->phi deltaC7 b_- Im: 0 ± 0.01
  correlation:
    [[1, 0.99, 0.9], [1, 0.9], [1]] # B+/B0 correlation is 99%, B0/Bs is 90%
-
  values:
    - B0->K*0 deltaC9 c_0 Re: 0 ± 0.3 # see 1411.3161v4
    - B+->K*+ deltaC9 c_0 Re: 0 ± 0.3
    - Bs->phi deltaC9 c_0 Re: 0 ± 0.3
  correlation:
    [[1, 0.99, 0.9], [1, 0.9], [1]] # B+/B0 correlation is 99%, B0/Bs is 90%
-
  values:
    - B0->K*0 deltaC9 c_0 Im: 0 ± 0.3 # see 1411.3161v4
    - B+->K*+ deltaC9 c_0 Im: 0 ± 0.3
    - Bs->phi deltaC9 c_0 Im: 0 ± 0.3
  correlation:
    [[1, 0.99, 0.9], [1, 0.9], [1]] # B+/B0 correlation is 99%, B0/Bs is 90%
-
  values:
    - B0->K*0 deltaC9 c_+ Re: 0 ± 0.3 # see 1411.3161v4
    - B+->K*+ deltaC9 c_+ Re: 0 ± 0.3
    - Bs->phi deltaC9 c_+ Re: 0 ± 0.3
  correlation:
    [[1, 0.99, 0.9], [1, 0.9], [1]] # B+/B0 correlation is 99%, B0/Bs is 90%
-
  values:
    - B0->K*0 deltaC9 c_+ Im: 0 ± 0.3 # see 1411.3161v4
    - B+->K*+ deltaC9 c_+ Im: 0 ± 0.3
    - Bs->phi deltaC9 c_+ Im: 0 ± 0.3
  correlation:
    [[1, 0.99, 0.9], [1, 0.9], [1]] # B+/B0 correlation is 99%, B0/Bs is 90%
-
  values:
    - B0->K*0 deltaC9 c_- Re: 0 ± 0.3 # see 1411.3161v4
    - B+->K*+ deltaC9 c_- Re: 0 ± 0.3
    - Bs->phi deltaC9 c_- Re: 0 ± 0.3
  correlation:
    [[1, 0.99, 0.9], [1, 0.9], [1]] # B+/B0 correlation is 99%, B0/Bs is 90%
-
  values:
    - B0->K*0 deltaC9 c_- Im: 0 ± 0.3 # see 1411.3161v4
    - B+->K*+ deltaC9 c_- Im: 0 ± 0.3
    - Bs->phi deltaC9 c_- Im: 0 ± 0.3
  correlation:
    [[1, 0.99, 0.9], [1, 0.9], [1]] # B+/B0 correlation is 99%, B0/Bs is 90%


# Subleading hadronic effects in B->Pll
-
  values:
    - B0->K0 deltaC9 a Re: 0 ± 0.08 # see 1411.3161v4
    - B+->K+ deltaC9 a Re: 0 ± 0.08
  correlation: 0.99
-
  values:
    - B0->K0 deltaC9 a Im: 0 ± 0.08 # see 1411.3161v4
    - B+->K+ deltaC9 a Im: 0 ± 0.08
  correlation: 0.99
-
  values:
    - B0->K0 deltaC9 b Re: 0 ± 0.03 # see 1411.3161v4
    - B+->K+ deltaC9 b Re: 0 ± 0.03
  correlation: 0.99
-
  values:
    - B0->K0 deltaC9 b Im: 0 ± 0.03 # see 1411.3161v4
    - B+->K+ deltaC9 b Im: 0 ± 0.03
  correlation: 0.99
-
  values:
    - B0->K0 deltaC9 c Re: 0 ± 0.2 # see 1411.3161v4
    - B+->K+ deltaC9 c Re: 0 ± 0.2
  correlation: 0.99
-
  values:
    - B0->K0 deltaC9 c Im: 0 ± 0.2 # see 1411.3161v4
    - B+->K+ deltaC9 c Im: 0 ± 0.2
  correlation: 0.99

# B->D* form factors, HFAG 2016
-
  values:
    - B->D* CLN rho2: 1.205 ± 0.015 ± 0.021
    - B->D* CLN R_1(1): 1.404 ± 0.032
    - B->D* CLN R_2(1): 0.854 ± 0.020
  correlation:
    [[1, 0.570, -0.810],
     [1, -0.758],
     [1]]

# B->D form factors, FLAG web update January 1 2017
-
  values:
    - B->D BCL a0_f+: 0.909(14)
    - B->D BCL a1_f+: -7.11 (65)
    - B->D BCL a2_f+: 66 (11)
    - B->D BCL a0_f0: 0.794 (12)
    - B->D BCL a1_f0: -2.45 (65)
  correlation: [[1, 0.737, 0.594, 0.976, 0.777],
                [0.737, 1, 0.940, 0.797, 0.992],
                [0.594, 0.940, 1, 0.666, 0.938],
                [0.976, 0.797, 0.666, 1, 0.818],
                [0.777, 0.992, 0.938, 0.818, 1]]

# B->pi form factors, FLAG web update January 1 2017

-
  values:
    - B->pi BCL a0_f+: 0.404(13)
    - B->pi BCL a1_f+: -0.68(13)
    - B->pi BCL a2_f+: -0.86(61)
    - B->pi BCL a0_f0: 0.490(21)
    - B->pi BCL a1_f0: -1.61(16)
  correlation:
    [[1, 0.404, 0.118, 0.327, 0.344],
    [0.404, 1, 0.741, 0.310, 0.900],
    [0.118, 0.741, 1, 0.363, 0.886],
    [0.327, 0.310, 0.363, 1, 0.233],
    [0.344, 0.900, 0.886, 0.233, 1]]


# B->K form factors, FNAL/MILC 2015, 1509.06235v1

-
  values:
    - B->K BCL a0_f+: 0.466 ± 0.014
    - B->K BCL a1_f+: -0.885 ±  0.128
    - B->K BCL a2_f+: -0.213 ± 0.548
    - B->K BCL a0_f0: 0.292 ± 0.010
    - B->K BCL a1_f0: 0.281 ± 0.125
    - B->K BCL a2_f0: 0.150 ± 0.441
    - B->K BCL a0_fT: 0.460 ± 0.019
    - B->K BCL a1_fT: -1.089 ± 0.236
    - B->K BCL a2_fT: -1.114 ± 0.971
  correlation:
    [[1.000, 0.450, 0.190, 0.857, 0.598, 0.531, 0.752, 0.229, 0.117],
    [0.000, 1.000, 0.677, 0.708, 0.958, 0.927, 0.227, 0.443, 0.287],
    [0.000, 0.000, 1.000, 0.595, 0.770, 0.819, -0.023, 0.070, 0.196],
    [0.000, 0.000, 0.000, 1.000, 0.830, 0.766, 0.582, 0.237, 0.192],
    [0.000, 0.000, 0.000, 0.000, 1.000, 0.973, 0.324, 0.372, 0.272],
    [0.000, 0.000, 0.000, 0.000, 0.000, 1.000, 0.268, 0.332, 0.269],
    [0.000, 0.000, 0.000, 0.000, 0.000, 0.000, 1.000, 0.590, 0.515],
    [0.000, 0.000, 0.000, 0.000, 0.000, 0.000, 0.000, 1.000, 0.897],
    [0.000, 0.000, 0.000, 0.000, 0.000, 0.000, 0.000, 0.000, 1.000]]


# B_q SM and BSM  bag parameters, 2023 GSSS (arXiv:2212.10497) combination of
# - KLR 2019, arXiv:1904.00940v2
# - HPQCD 2019, arXiv:1907.01025v2
-
  values:
    - bag_B0_1: 0.837 +- 0.03
    - bag_B0_2: 0.808 +- 0.037
    - bag_B0_3: 0.761 +- 0.053
    - bag_B0_4: 1.163 +- 0.047  # was 1.054 +- 0.042; multiplied by 1.104 due to differing definition
    - bag_B0_5: 1.914 +- 0.071  # was 0.986 +- 0.037; multiplied by 1.940 due to differing definition
    - bag_Bs_1: 0.826 +- 0.029
    - bag_Bs_2: 0.824 +- 0.037
    - bag_Bs_3: 0.83 +- 0.053
    - bag_Bs_4: 1.149 +- 0.045  # was 1.04 +- 0.041; multiplied by 1.105 due to differing definition
    - bag_Bs_5: 1.873 +- 0.066  # was 0.964 +- 0.034; multiplied by 1.944 due to differing definition
  correlation:
    [[1.0, 0.046, 0.003, 0.022, 0.024, 0.976, 0.044, 0.006, 0.022, 0.025],
     [0.046, 1.0, 0.132, 0.168, 0.099, 0.043, 0.983, 0.134, 0.17, 0.104],
     [0.003, 0.132, 1.0, 0.119, 0.069, 0.005, 0.13, 0.921, 0.121, 0.073],
     [0.022, 0.168, 0.119, 1.0, 0.186, 0.023, 0.17, 0.129, 0.984, 0.196],
     [0.024, 0.099, 0.069, 0.186, 1.0, 0.024, 0.101, 0.075, 0.186, 0.951],
     [0.976, 0.043, 0.005, 0.023, 0.024, 1.0, 0.044, 0.006, 0.023, 0.025],
     [0.044, 0.983, 0.13, 0.17, 0.101, 0.044, 1.0, 0.137, 0.173, 0.106],
     [0.006, 0.134, 0.921, 0.129, 0.075, 0.006, 0.137, 1.0, 0.131, 0.079],
     [0.022, 0.17, 0.121, 0.984, 0.186, 0.023, 0.173, 0.131, 1.0, 0.199],
     [0.025, 0.104, 0.073, 0.196, 0.951, 0.025, 0.106, 0.079, 0.199, 1.0]]


# Experimental data needed for the normalization of BR(B->Xsgamma)
-
  values:
    - C_BXlnu: 0.567(7)
    - BR(B->Xcenu)_exp: 0.1067(16)
  correlation: -0.10

# B->Xqll uncertainty parameters
-
  values:
    - delta_BXsee low: 0 ± 0.10
    - delta_BXsmumu low: 0 ± 0.10
  correlation: 0.95 # 95% correlation
-
  values:
    - delta_BXsee high: 0 ± 0.10
    - delta_BXsmumu high: 0 ± 0.10
    - delta_BXstautau high: 0 ± 0.10
  correlation: [[1, 0.9, 0.9], [1, 0.98], [1]] # assuming 90% corr. for e/mu, 98% for tau/mu
-
  values:
    - delta_BXdee low: 0 ± 0.10
    - delta_BXdmumu low: 0 ± 0.10
  correlation: 0.95 # 95% correlation
-
  values:
    - delta_BXdee high: 0 ± 0.10
    - delta_BXdmumu high: 0 ± 0.10
    - delta_BXdtautau high: 0 ± 0.10
  correlation: [[1, 0.9, 0.9], [1, 0.98], [1]] # assuming 90% corr. for e/mu, 98% for tau/mu


# Electromagnetic corrections in Kl3 decays
# 1005.2323 table 1 & eq. 18
# Set just the Kmu3 parameters here, as we use 
# updated Ke3 values (but without correlations)
-
  values:
    - K0mu3 delta_EM: 0.700(110)1e-2
    - K+mu3 delta_EM: 0.008(125)1e-2
  correlation:
    [[1, 0.081], [1]]


# Parameters for HQET form factors
- values:
    - CLN rho2_xi: 1.068 ± 0.206
    - CLN c_xi: 0.946 ± 0.247
    - CLN xi3: -3.746 ± 1.087
    - chi_2(1): -0.060 ± 0.020
    - chi_2p(1): -0.000 ± 0.020
    - chi_2pp(1): -0.097 ± 0.218
    - chi_3p(1): 0.040 ± 0.020
    - chi_3pp(1): -0.098 ± 0.062
    - eta(1): 0.611 ± 0.174
    - etap(1): -0.003 ± 0.184
    - etapp(1): -0.309 ± 0.568
    - CLN l_1(1): 0.124 ± 0.231
    - CLN lp_1(1): -8.205 ± 6.609
    - CLN l_2(1): -1.918 ± 0.363
    - CLN lp_2(1): -3.715 ± 5.547
    - CLN l_3(1): -3.527 ± 7.279
    - CLN lp_3(1): 5.100 ± 7.079
    - CLN l_4(1): -2.067 ± 1.398
    - CLN lp_4(1): 0.147 ± 1.793
    - CLN l_5(1): 3.410 ± 2.696
    - CLN lp_5(1): 0.084 ± 3.023
    - CLN l_6(1): 2.091 ± 3.836
    - CLN lp_6(1): 0.731 ± 4.204
  correlation:
    [[1.0, 0.949, -0.863, -0.029, 0.003, 0.569, 0.045, 0.016, 0.006, 0.014, -0.1, -0.004, 0.958, 0.037, 0.775, 0.032, -0.283, -0.008, -0.25, -0.188, 0.025, -0.084, -0.151], [0.949, 1.0, -0.961, -0.023, 0.011, 0.551, 0.041, -0.141, -0.013, -0.002, -0.006, -0.013, 0.91, 0.039, 0.65, 0.111, -0.355, 0.01, -0.231, -0.296, 0.179, -0.075, -0.093], [-0.863, -0.961, 1.0, 0.018, -0.014, -0.389, -0.038, 0.189, 0.025, 0.01, -0.044, 0.008, -0.829, -0.026, -0.632, -0.146, 0.332, -0.02, 0.207, 0.311, -0.183, 0.059, 0.08], [-0.029, -0.023, 0.018, 1.0, -0.002, -0.028, -0.002, 0.031, -0.005, -0.002, 0.008, 0.001, 0.058, 0.002, -0.004, -0.05, 0.001, 0.005, 0.009, 0.004, -0.0, 0.01, -0.0], [0.003, 0.011, -0.014, -0.002, 1.0, -0.082, -0.001, 0.19, -0.01, -0.0, 0.017, -0.005, 0.003, 0.003, 0.011, 0.0, -0.05, 0.01, -0.004, 0.024, -0.027, 0.008, -0.003], [0.569, 0.551, -0.389, -0.028, -0.082, 1.0, 0.02, 0.195, 0.047, 0.052, -0.268, 0.001, 0.548, 0.053, 0.242, -0.165, -0.194, -0.045, -0.156, -0.031, 0.097, -0.163, -0.005], [0.045, 0.041, -0.038, -0.002, -0.001, 0.02, 1.0, -0.151, 0.005, -0.004, 0.005, 0.007, -0.213, 0.003, 0.051, 0.001, -0.009, -0.007, -0.008, -0.019, 0.007, -0.009, 0.002], [0.016, -0.141, 0.189, 0.031, 0.19, 0.195, -0.151, 1.0, 0.006, 0.009, -0.124, -0.029, 0.054, -0.021, 0.269, -0.279, 0.2, 0.009, 0.108, 0.41, -0.541, -0.007, -0.175], [0.006, -0.013, 0.025, -0.005, -0.01, 0.047, 0.005, 0.006, 1.0, -0.209, -0.225, 0.002, 0.002, -0.0, -0.015, 0.102, 0.017, -0.972, 0.179, -0.067, -0.051, 0.37, -0.156], [0.014, -0.002, 0.01, -0.002, -0.0, 0.052, -0.004, 0.009, -0.209, 1.0, -0.397, 0.0, 0.015, -0.004, 0.019, -0.042, 0.13, 0.206, -0.798, -0.006, -0.062, -0.064, 0.241], [-0.1, -0.006, -0.044, 0.008, 0.017, -0.268, 0.005, -0.124, -0.225, -0.397, 1.0, -0.025, -0.101, -0.003, -0.173, 0.35, -0.329, 0.21, 0.287, -0.166, 0.229, 0.166, -0.014], [-0.004, -0.013, 0.008, 0.001, -0.005, 0.001, 0.007, -0.029, 0.002, 0.0, -0.025, 1.0, -0.003, 0.004, 0.022, -0.014, 0.014, 0.071, -0.1, -0.015, -0.015, -0.021, 0.006], [0.958, 0.91, -0.829, 0.058, 0.003, 0.548, -0.213, 0.054, 0.002, 0.015, -0.101, -0.003, 1.0, 0.036, 0.746, 0.026, -0.272, -0.01, -0.242, -0.184, 0.021, -0.082, -0.147], [0.037, 0.039, -0.026, 0.002, 0.003, 0.053, 0.003, -0.021, -0.0, -0.004, -0.003, 0.004, 0.036, 1.0, -0.029, -0.017, -0.005, -0.001, -0.008, -0.025, 0.02, -0.045, 0.03], [0.775, 0.65, -0.632, -0.004, 0.011, 0.242, 0.051, 0.269, -0.015, 0.019, -0.173, 0.022, 0.746, -0.029, 1.0, -0.141, -0.078, 0.008, -0.204, 0.081, -0.184, -0.096, -0.25], [0.032, 0.111, -0.146, -0.05, 0.0, -0.165, 0.001, -0.279, 0.102, -0.042, 0.35, -0.014, 0.026, -0.017, -0.141, 1.0, -0.804, -0.104, -0.004, -0.443, 0.108, 0.771, -0.459], [-0.283, -0.355, 0.332, 0.001, -0.05, -0.194, -0.009, 0.2, 0.017, 0.13, -0.329, 0.014, -0.272, -0.005, -0.078, -0.804, 1.0, -0.013, -0.017, 0.292, -0.203, -0.627, 0.638], [-0.008, 0.01, -0.02, 0.005, 0.01, -0.045, -0.007, 0.009, -0.972, 0.206, 0.21, 0.071, -0.01, -0.001, 0.008, -0.104, -0.013, 1.0, -0.138, 0.078, 0.048, -0.359, 0.15], [-0.25, -0.231, 0.207, 0.009, -0.004, -0.156, -0.008, 0.108, 0.179, -0.798, 0.287, -0.1, -0.242, -0.008, -0.204, -0.004, -0.017, -0.138, 1.0, 0.094, 0.021, 0.073, -0.174], [-0.188, -0.296, 0.311, 0.004, 0.024, -0.031, -0.019, 0.41, -0.067, -0.006, -0.166, -0.015, -0.184, -0.025, 0.081, -0.443, 0.292, 0.078, 0.094, 1.0, -0.602, 0.058, -0.251], [0.025, 0.179, -0.183, -0.0, -0.027, 0.097, 0.007, -0.541, -0.051, -0.062, 0.229, -0.015, 0.021, 0.02, -0.184, 0.108, -0.203, 0.048, 0.021, -0.602, 1.0, -0.229, 0.399], [-0.084, -0.075, 0.059, 0.01, 0.008, -0.163, -0.009, -0.007, 0.37, -0.064, 0.166, -0.021, -0.082, -0.045, -0.096, 0.771, -0.627, -0.359, 0.073, 0.058, -0.229, 1.0, -0.736], [-0.151, -0.093, 0.08, -0.0, -0.003, -0.005, 0.002, -0.175, -0.156, 0.241, -0.014, 0.006, -0.147, 0.03, -0.25, -0.459, 0.638, 0.15, -0.174, -0.251, 0.399, -0.736, 1.0]]



# Parameters for D->pi form factors
# arXiv:1706.03017
- values:
    - D->pi BSZ a0_f+: 0.612 ± 0.0355
    - D->pi BSZ a1_f+: -0.9331 ± 0.4422
    - D->pi BSZ a1_f0: 0.2498 ± 0.3909
    - D->pi BSZ a2_f+: -3.3364 ± 1.1118
    - D->pi BSZ a2_f0: -0.2269 ± 0.9188
  correlation:
    [[1.0, 0.82, 0.928, 0.683, 0.827], [0.82, 1.0, 0.761, 0.964, 0.678], [0.928, 0.761, 1.0, 0.634, 0.964], [0.683, 0.964, 0.634, 1.0, 0.565], [0.827, 0.678, 0.964, 0.565, 1.0]]

# arXiv:1803.04807
- values:
    - D->pi BSZ a0_fT: 0.5315 ± 0.0728
    - D->pi BSZ a1_fT: 0.0743 ± 0.4153
    - D->pi BSZ a2_fT: -0.9102 ± 0.5247
  correlation:
    [[1.0, 0.864, 0.755], [0.864, 1.0, 0.971], [0.755, 0.971, 1.0]]

# Parameters for D->K form factors
# arXiv:1706.03017
- values:
    - D->K BSZ a0_f+: 0.765 ± 0.0308
    - D->K BSZ a1_f+: -0.0646 ± 0.3494
    - D->K BSZ a1_f0: 1.0534 ± 0.3909
    - D->K BSZ a2_f+: -0.0131 ± 0.1694
    - D->K BSZ a2_f0: -1.9224 ± 1.1409
  correlation:
    [[1.0, 0.552, 0.898, 0.545, 0.856], [0.552, 1.0, 0.759, 0.99, 0.782], [0.898, 0.759, 1.0, 0.751, 0.996], [0.545, 0.99, 0.751, 1.0, 0.774], [0.856, 0.782, 0.996, 0.774, 1.0]]

# arXiv:1803.04807
- values:
    - D->K BSZ a0_fT: 0.6872 ± 0.0542
    - D->K BSZ a1_fT: -0.7426 ± 0.6248
    - D->K BSZ a2_fT: -8.2437 ± 3.1431
  correlation:
    [[1.0, 0.673, 0.23], [0.673, 1.0, 0.764], [0.23, 0.764, 1.0]]

# Lambdab->Lambda(1520) lattice QCD form factors
- values:
    - Lambdab->Lambda(1520) fplus F: 0.0432 ± 0.0064
    - Lambdab->Lambda(1520) fplus A: 1.63 ± 0.19
    - Lambdab->Lambda(1520) f0 F: 3.54 ± 0.29
    - Lambdab->Lambda(1520) f0 A: -14.7 ± 3.3
    - Lambdab->Lambda(1520) fperp F: -0.068 ± 0.018
    - Lambdab->Lambda(1520) fperp A: 2.49 ± 0.35
    - Lambdab->Lambda(1520) fperpPrim F: 0.0461 ± 0.0018
    - Lambdab->Lambda(1520) fperpPrim A: -0.161 ± 0.027
    - Lambdab->Lambda(1520) gplus F: 2.95 ± 0.25
    - Lambdab->Lambda(1520) gplus A: -12.2 ± 2.9
    - Lambdab->Lambda(1520) g0 F: 0.0024 ± 0.0038
    - Lambdab->Lambda(1520) g0 A: 1.58 ± 0.17
    - Lambdab->Lambda(1520) gperp F: 2.92 ± 0.24
    - Lambdab->Lambda(1520) gperp A: -11.8 ± 2.8
    - Lambdab->Lambda(1520) gperpPrim F: -0.037 ± 0.014
    - Lambdab->Lambda(1520) gperpPrim A: 0.09 ± 0.25
    - Lambdab->Lambda(1520) hplus F: -0.095 ± 0.019
    - Lambdab->Lambda(1520) hplus A: 2.38 ± 0.32
    - Lambdab->Lambda(1520) hperp F: 0.0170 ± 0.0043
    - Lambdab->Lambda(1520) hperp A: 1.49 ± 0.16
    - Lambdab->Lambda(1520) hperpPrim F: -0.0196 ± 0.0013
    - Lambdab->Lambda(1520) hperpPrim A: 0.038 ± 0.011
    - Lambdab->Lambda(1520) hTplus F: 2.90 ± 0.24
    - Lambdab->Lambda(1520) hTplus A: -12.0 ± 2.9
    - Lambdab->Lambda(1520) hTperp F: 3.01 ± 0.25
    - Lambdab->Lambda(1520) hTperp A: -12.2 ± 2.8
    - Lambdab->Lambda(1520) hTperpPrim F: 0.144 ± 0.024
    - Lambdab->Lambda(1520) hTperpPrim A: -0.74 ± 0.37
  correlation:
    [[1.0, 0.108, 0.478, -0.19, 0.277, 0.201, 0.129, -0.025, 0.474, -0.174, 0.356, 0.255, 0.441, -0.176, -0.179, 0.03, 0.306, 0.181, 0.892, 0.172, -0.114, 0.013, 0.446, -0.176, 0.467, -0.177, 0.123, -0.067],
    [0.108, 1.0, 0.712, -0.334, 0.053, 0.694, 0.233, -0.004, 0.715, -0.34, 0.06, 0.942, 0.701, -0.337, 0.022, -0.081, 0.06, 0.676, 0.034, 0.977, -0.119, 0.11, 0.707, -0.33, 0.711, -0.338, 0.197, -0.185],
    [0.478, 0.712, 1.0, -0.6, 0.013, 0.6, 0.347, -0.064, 0.987, -0.591, 0.15, 0.745, 0.99, -0.599, -0.032, -0.126, 0.007, 0.574, 0.388, 0.734, -0.249, 0.187, 0.988, -0.589, 0.992, -0.596, 0.282, -0.25],
    [-0.19, -0.334, -0.6, 1.0, 0.027, -0.514, -0.022, 0.616, -0.599, 0.99, -0.075, -0.412, -0.609, 0.99, -0.095, 0.21, 0.019, -0.522, -0.197, -0.367, 0.06, -0.643, -0.604, 0.989, -0.597, 0.992, -0.287, 0.529],
    [0.277, 0.053, 0.013, 0.027, 1.0, -0.067, -0.245, 0.011, 0.014, 0.038, 0.28, 0.103, -0.01, 0.043, 0.249, -0.077, 0.964, -0.045, 0.128, 0.11, 0.273, -0.03, -0.013, 0.039, 0.014, 0.039, -0.151, 0.015],
    [0.201, 0.694, 0.6, -0.514, -0.067, 1.0, 0.194, -0.31, 0.595, -0.497, 0.024, 0.746, 0.586, -0.506, 0.003, -0.117, -0.035, 0.981, 0.133, 0.724, -0.27, 0.303, 0.591, -0.501, 0.585, -0.501, 0.286, -0.299],
    [0.129, 0.233, 0.347, -0.022, -0.245, 0.194, 1.0, 0.038, 0.321, -0.019, -0.04, 0.216, 0.329, -0.021, -0.059, 0.017, -0.275, 0.175, 0.062, 0.228, -0.423, -0.057, 0.331, -0.015, 0.33, -0.02, 0.186, 0.018],
    [-0.025, -0.004, -0.064, 0.616, 0.011, -0.31, 0.038, 1.0, -0.056, 0.601, 0.049, -0.096, -0.069, 0.594, -0.118, 0.182, -0.009, -0.354, -0.009, -0.057, 0.013, -0.739, -0.064, 0.599, -0.062, 0.606, -0.245, 0.558],
    [0.474, 0.715, 0.987, -0.599, 0.014, 0.595, 0.321, -0.056, 1.0, -0.604, 0.157, 0.765, 0.989, -0.604, -0.044, -0.121, 0.008, 0.568, 0.398, 0.744, -0.238, 0.179, 0.994, -0.597, 0.993, -0.603, 0.288, -0.25],
    [-0.174, -0.34, -0.591, 0.99, 0.038, -0.497, -0.019, 0.601, -0.604, 1.0, -0.081, -0.412, -0.608, 0.99, -0.1, 0.216, 0.031, -0.504, -0.19, -0.369, 0.058, -0.639, -0.606, 0.993, -0.598, 0.993, -0.296, 0.535],
    [0.356, 0.06, 0.15, -0.075, 0.28, 0.024, -0.04, 0.049, 0.157, -0.081, 1.0, 0.009, 0.133, -0.072, 0.015, 0.003, 0.278, 0.029, 0.436, 0.062, 0.104, -0.066, 0.138, -0.073, 0.146, -0.073, 0.007, -0.039],
    [0.255, 0.942, 0.745, -0.412, 0.103, 0.746, 0.216, -0.096, 0.765, -0.412, 0.009, 1.0, 0.733, -0.407, -0.006, -0.07, 0.117, 0.725, 0.147, 0.974, -0.138, 0.15, 0.743, -0.404, 0.75, -0.411, 0.21, -0.212],
    [0.441, 0.701, 0.99, -0.609, -0.01, 0.586, 0.329, -0.069, 0.989, -0.608, 0.133, 0.733, 1.0, -0.621, -0.039, -0.128, -0.02, 0.561, 0.368, 0.725, -0.247, 0.2, 0.994, -0.608, 0.997, -0.615, 0.282, -0.254],
    [-0.176, -0.337, -0.599, 0.99, 0.043, -0.506, -0.021, 0.594, -0.604, 0.99, -0.072, -0.407, -0.621, 1.0, -0.093, 0.207, 0.037, -0.512, -0.191, -0.364, 0.063, -0.635, -0.611, 0.994, -0.605, 0.996, -0.286, 0.517],
    [-0.179, 0.022, -0.032, -0.095, 0.249, 0.003, -0.059, -0.118, -0.044, -0.1, 0.015, -0.006, -0.039, -0.093, 1.0, -0.721, 0.229, 0.005, -0.261, 0.023, 0.025, 0.007, -0.047, -0.097, -0.036, -0.096, 0.279, -0.262],
    [0.03, -0.081, -0.126, 0.21, -0.077, -0.117, 0.017, 0.182, -0.121, 0.216, 0.003, -0.07, -0.128, 0.207, -0.721, 1.0, -0.07, -0.111, 0.056, -0.088, 0.0, -0.122, -0.117, 0.206, -0.13, 0.213, -0.262, 0.406],
    [0.306, 0.06, 0.007, 0.019, 0.964, -0.035, -0.275, -0.009, 0.008, 0.031, 0.278, 0.117, -0.02, 0.037, 0.229, -0.07, 1.0, -0.031, 0.165, 0.119, 0.298, -0.033, -0.02, 0.033, 0.005, 0.032, -0.144, -0.004],
    [0.181, 0.676, 0.574, -0.522, -0.045, 0.981, 0.175, -0.354, 0.568, -0.504, 0.029, 0.725, 0.561, -0.512, 0.005, -0.111, -0.031, 1.0, 0.117, 0.704, -0.251, 0.35, 0.567, -0.509, 0.558, -0.508, 0.278, -0.314],
    [0.892, 0.034, 0.388, -0.197, 0.128, 0.133, 0.062, -0.009, 0.398, -0.19, 0.436, 0.147, 0.368, -0.191, -0.261, 0.056, 0.165, 0.117, 1.0, 0.063, -0.064, 0.011, 0.373, -0.191, 0.388, -0.19, 0.136, -0.094],
    [0.172, 0.977, 0.734, -0.367, 0.11, 0.724, 0.228, -0.057, 0.744, -0.369, 0.062, 0.974, 0.725, -0.364, 0.023, -0.088, 0.119, 0.704, 0.063, 1.0, -0.12, 0.137, 0.73, -0.358, 0.74, -0.368, 0.193, -0.202],
    [-0.114, -0.119, -0.249, 0.06, 0.273, -0.27, -0.423, 0.013, -0.238, 0.058, 0.104, -0.138, -0.247, 0.063, 0.025, 0.0, 0.298, -0.251, -0.064, -0.12, 1.0, -0.022, -0.252, 0.065, -0.239, 0.056, -0.52, 0.143],
    [0.013, 0.11, 0.187, -0.643, -0.03, 0.303, -0.057, -0.739, 0.179, -0.639, -0.066, 0.15, 0.2, -0.635, 0.007, -0.122, -0.033, 0.35, 0.011, 0.137, -0.022, 1.0, 0.19, -0.644, 0.192, -0.643, 0.139, -0.521],
    [0.446, 0.707, 0.988, -0.604, -0.013, 0.591, 0.331, -0.064, 0.994, -0.606, 0.138, 0.743, 0.994, -0.611, -0.047, -0.117, -0.02, 0.567, 0.373, 0.73, -0.252, 0.19, 1.0, -0.606, 0.992, -0.607, 0.289, -0.25],
    [-0.176, -0.33, -0.589, 0.989, 0.039, -0.501, -0.015, 0.599, -0.597, 0.993, -0.073, -0.404, -0.608, 0.994, -0.097, 0.206, 0.033, -0.509, -0.191, -0.358, 0.065, -0.644, -0.606, 1.0, -0.593, 0.991, -0.288, 0.522],
    [0.467, 0.711, 0.992, -0.597, 0.014, 0.585, 0.33, -0.062, 0.993, -0.598, 0.146, 0.75, 0.997, -0.605, -0.036, -0.13, 0.005, 0.558, 0.388, 0.74, -0.239, 0.192, 0.992, -0.593, 1.0, -0.604, 0.282, -0.254],
    [-0.177, -0.338, -0.596, 0.992, 0.039, -0.501, -0.02, 0.606, -0.603, 0.993, -0.073, -0.411, -0.615, 0.996, -0.096, 0.213, 0.032, -0.508, -0.19, -0.368, 0.056, -0.643, -0.607, 0.991, -0.604, 1.0, -0.289, 0.53],
    [0.123, 0.197, 0.282, -0.287, -0.151, 0.286, 0.186, -0.245, 0.288, -0.296, 0.007, 0.21, 0.282, -0.286, 0.279, -0.262, -0.144, 0.278, 0.136, 0.193, -0.52, 0.139, 0.289, -0.288, 0.282, -0.289, 1.0, -0.739],
    [-0.067, -0.185, -0.25, 0.529, 0.015, -0.299, 0.018, 0.558, -0.25, 0.535, -0.039, -0.212, -0.254, 0.517, -0.262, 0.406, -0.004, -0.314, -0.094, -0.202, 0.143, -0.521, -0.25, 0.522, -0.254, 0.53, -0.739, 1.0]]
