# Decay constants of charged and neutral mesons are highly correlated; in
# fact they are equal up to isosin breaking effects.
# for now, just assume 99% correlation
-
  values:
    - f_K+: 0.1556(4) # FLAG-3 preliminary Nf=2+1+1
    - f_K0: 0.1556(4)
  correlation: 0.99
-
  values:
    - f_perp_K*+: 0.163(8) # FLAG-3 preliminary Nf=2+1+1
    - f_perp_K*0: 0.163(8)
  correlation: 0.99
-
  values:
    - f_perp_rho+: 0.160(11) # FLAG-3 preliminary Nf=2+1+1
    - f_perp_rho0: 0.160(11)
  correlation: 0.99
-
  values:
    - f_pi+: 0.1302(14)  # FLAG 2013 Nf=2+1
    - f_pi0: 0.1302(14)
  correlation: 0.99
-
  values:
    - f_B+: 0.1905(42)
    - f_B0: 0.1905(42)  # FLAG 2013 Nf=2+1
  correlation: 0.99
-
  values:
    - f_D+: 0.2092(33)
    - f_D0: 0.2092(33)  # FLAG 2013 Nf=2+1
  correlation: 0.99
-
  values:
    - f_K*+: 0.203(6)
    - f_K*0: 0.203(6)  # 1501.06569 table 1
  correlation: 0.99
-
  values:
    - a2_para_K*+: 0.16(9)
    - a2_para_K*0: 0.16(9)
  correlation: 0.99
-
  values:
    - a2_perp_K*+: 0.10(8)
    - a2_perp_K*0: 0.10(8)
  correlation: 0.99
-
  values:
    - a1_para_K*+: 0.06(4)
    - a1_para_K*0: 0.06(4)
  correlation: 0.99
-
  values:
    - a1_perp_K*+: 0.04(3)
    - a1_perp_K*0: 0.04(3)
  correlation: 0.99
-
  values:
    - a2_para_rho+: 0.17(7)
    - a2_para_rho0: 0.17(7)
  correlation: 0.99
-
  values:
    - a2_perp_rho+: 0.14(6)
    - a2_perp_rho0: 0.14(6)
  correlation: 0.99

# Subleading hadronic effects in B->Vll
-
  values:
    - B0->K*0 deltaC7 a_0 Re: 0 ± 0.06 # see eq. (26) of arXiv:1503.05534v1
    - B+->K*+ deltaC7 a_0 Re: 0 ± 0.06
    - Bs->phi deltaC7 a_0 Re: 0 ± 0.06
  correlation:
    [[1, 0.99, 0.9], [1, 0.9], [1]] # B+/B0 correlation is 99%, B0/Bs is 90%
-
  values:
    - B0->K*0 deltaC7 b_0 Re: 0 ± 0.015 # see eq. (26) of arXiv:1503.05534v1
    - B+->K*+ deltaC7 b_0 Re: 0 ± 0.015
    - Bs->phi deltaC7 b_0 Re: 0 ± 0.015
  correlation:
    [[1, 0.99, 0.9], [1, 0.9], [1]] # B+/B0 correlation is 99%, B0/Bs is 90%
-
  values:
    - B0->K*0 deltaC7 a_+ Re: 0 ± 0.015 # see eq. (26) of arXiv:1503.05534v1
    - B+->K*+ deltaC7 a_+ Re: 0 ± 0.015
    - Bs->phi deltaC7 a_+ Re: 0 ± 0.015
  correlation:
    [[1, 0.99, 0.9], [1, 0.9], [1]] # B+/B0 correlation is 99%, B0/Bs is 90%
-
  values:
    - B0->K*0 deltaC7 b_+ Re: 0 ± 0.06 # see eq. (26) of arXiv:1503.05534v1
    - B+->K*+ deltaC7 b_+ Re: 0 ± 0.06
    - Bs->phi deltaC7 b_+ Re: 0 ± 0.06
  correlation:
    [[1, 0.99, 0.9], [1, 0.9], [1]] # B+/B0 correlation is 99%, B0/Bs is 90%
-
  values:
    - B0->K*0 deltaC7 a_- Re: 0 ± 0.015 # see eq. (26) of arXiv:1503.05534v1
    - B+->K*+ deltaC7 a_- Re: 0 ± 0.015
    - Bs->phi deltaC7 a_- Re: 0 ± 0.015
  correlation:
    [[1, 0.99, 0.9], [1, 0.9], [1]] # B+/B0 correlation is 99%, B0/Bs is 90%
-
  values:
    - B0->K*0 deltaC7 b_- Re: 0 ± 0.06 # see eq. (26) of arXiv:1503.05534v1
    - B+->K*+ deltaC7 b_- Re: 0 ± 0.06
    - Bs->phi deltaC7 b_- Re: 0 ± 0.06
  correlation:
    [[1, 0.99, 0.9], [1, 0.9], [1]] # B+/B0 correlation is 99%, B0/Bs is 90%
-
  values:
    - B0->K*0 deltaC7 a_0 Im: 0 ± 0.06 # see eq. (26) of arXiv:1503.05534v1
    - B+->K*+ deltaC7 a_0 Im: 0 ± 0.06
    - Bs->phi deltaC7 a_0 Im: 0 ± 0.06
  correlation:
    [[1, 0.99, 0.9], [1, 0.9], [1]] # B+/B0 correlation is 99%, B0/Bs is 90%
-
  values:
    - B0->K*0 deltaC7 b_0 Im: 0 ± 0.015 # see eq. (26) of arXiv:1503.05534v1
    - B+->K*+ deltaC7 b_0 Im: 0 ± 0.015
    - Bs->phi deltaC7 b_0 Im: 0 ± 0.015
  correlation:
    [[1, 0.99, 0.9], [1, 0.9], [1]] # B+/B0 correlation is 99%, B0/Bs is 90%
-
  values:
    - B0->K*0 deltaC7 a_+ Im: 0 ± 0.015 # see eq. (26) of arXiv:1503.05534v1
    - B+->K*+ deltaC7 a_+ Im: 0 ± 0.015
    - Bs->phi deltaC7 a_+ Im: 0 ± 0.015
  correlation:
    [[1, 0.99, 0.9], [1, 0.9], [1]] # B+/B0 correlation is 99%, B0/Bs is 90%
-
  values:
    - B0->K*0 deltaC7 b_+ Im: 0 ± 0.06 # see eq. (26) of arXiv:1503.05534v1
    - B+->K*+ deltaC7 b_+ Im: 0 ± 0.06
    - Bs->phi deltaC7 b_+ Im: 0 ± 0.06
  correlation:
    [[1, 0.99, 0.9], [1, 0.9], [1]] # B+/B0 correlation is 99%, B0/Bs is 90%
-
  values:
    - B0->K*0 deltaC7 a_- Im: 0 ± 0.015 # see eq. (26) of arXiv:1503.05534v1
    - B+->K*+ deltaC7 a_- Im: 0 ± 0.015
    - Bs->phi deltaC7 a_- Im: 0 ± 0.015
  correlation:
    [[1, 0.99, 0.9], [1, 0.9], [1]] # B+/B0 correlation is 99%, B0/Bs is 90%
-
  values:
    - B0->K*0 deltaC7 b_- Im: 0 ± 0.06 # see eq. (26) of arXiv:1503.05534v1
    - B+->K*+ deltaC7 b_- Im: 0 ± 0.06
    - Bs->phi deltaC7 b_- Im: 0 ± 0.06
  correlation:
    [[1, 0.99, 0.9], [1, 0.9], [1]] # B+/B0 correlation is 99%, B0/Bs is 90%
-
  values:
    - B0->K*0 deltaC9 c_0 Re: 0 ± 0.3 # see 1411.3161v4
    - B+->K*+ deltaC9 c_0 Re: 0 ± 0.3
    - Bs->phi deltaC9 c_0 Re: 0 ± 0.3
  correlation:
    [[1, 0.99, 0.9], [1, 0.9], [1]] # B+/B0 correlation is 99%, B0/Bs is 90%
-
  values:
    - B0->K*0 deltaC9 c_0 Im: 0 ± 0.3 # see 1411.3161v4
    - B+->K*+ deltaC9 c_0 Im: 0 ± 0.3
    - Bs->phi deltaC9 c_0 Im: 0 ± 0.3
  correlation:
    [[1, 0.99, 0.9], [1, 0.9], [1]] # B+/B0 correlation is 99%, B0/Bs is 90%
-
  values:
    - B0->K*0 deltaC9 c_+ Re: 0 ± 0.3 # see 1411.3161v4
    - B+->K*+ deltaC9 c_+ Re: 0 ± 0.3
    - Bs->phi deltaC9 c_+ Re: 0 ± 0.3
  correlation:
    [[1, 0.99, 0.9], [1, 0.9], [1]] # B+/B0 correlation is 99%, B0/Bs is 90%
-
  values:
    - B0->K*0 deltaC9 c_+ Im: 0 ± 0.3 # see 1411.3161v4
    - B+->K*+ deltaC9 c_+ Im: 0 ± 0.3
    - Bs->phi deltaC9 c_+ Im: 0 ± 0.3
  correlation:
    [[1, 0.99, 0.9], [1, 0.9], [1]] # B+/B0 correlation is 99%, B0/Bs is 90%
-
  values:
    - B0->K*0 deltaC9 c_- Re: 0 ± 0.3 # see 1411.3161v4
    - B+->K*+ deltaC9 c_- Re: 0 ± 0.3
    - Bs->phi deltaC9 c_- Re: 0 ± 0.3
  correlation:
    [[1, 0.99, 0.9], [1, 0.9], [1]] # B+/B0 correlation is 99%, B0/Bs is 90%
-
  values:
    - B0->K*0 deltaC9 c_- Im: 0 ± 0.3 # see 1411.3161v4
    - B+->K*+ deltaC9 c_- Im: 0 ± 0.3
    - Bs->phi deltaC9 c_- Im: 0 ± 0.3
  correlation:
    [[1, 0.99, 0.9], [1, 0.9], [1]] # B+/B0 correlation is 99%, B0/Bs is 90%


# Subleading hadronic effects in B->Pll
-
  values:
    - B0->K0 deltaC9 a Re: 0 ± 0.08 # see 1411.3161v4
    - B+->K+ deltaC9 a Re: 0 ± 0.08
  correlation: 0.99
-
  values:
    - B0->K0 deltaC9 a Im: 0 ± 0.08 # see 1411.3161v4
    - B+->K+ deltaC9 a Im: 0 ± 0.08
  correlation: 0.99
-
  values:
    - B0->K0 deltaC9 b Re: 0 ± 0.2 # see 1411.3161v4
    - B+->K+ deltaC9 b Re: 0 ± 0.2
  correlation: 0.99
-
  values:
    - B0->K0 deltaC9 b Im: 0 ± 0.2 # see 1411.3161v4
    - B+->K+ deltaC9 b Im: 0 ± 0.2
  correlation: 0.99
-
  values:
    - B0->K0 deltaC9 c Re: 0 ± 0.2 # see 1411.3161v4
    - B+->K+ deltaC9 c Re: 0 ± 0.2
  correlation: 0.99
-
  values:
    - B0->K0 deltaC9 c Im: 0 ± 0.2 # see 1411.3161v4
    - B+->K+ deltaC9 c Im: 0 ± 0.2
  correlation: 0.99

# B->D* form factors, HFAG 2014
-
  values:
    - B->D* CLN-IW rho2: 1.207 ± 0.026
    - B->D* CLN-IW R_1(1): 1.406 ± 0.033
    - B->D* CLN-IW R_2(1): 0.853 ± 0.020
  correlation:
    [[1, 0.568, -0.809],
     [1, -0.758],
     [1]]

# B->D form factors, HPQCD 2015, 1505.03925
-
  values:
    - B->D BCL3 a0_f0: 0.647(29)
    - B->D BCL3 a1_f0: 0.27(30)
    - B->D BCL3 a2_f0: -0.09(2.94)
    - B->D BCL3 a0_f+: 0.836(33)
    - B->D BCL3 a1_f+: -2.66(52)
    - B->D BCL3 a2_f+: -0.07(2.96)
  correlation:
    [[1., -0.129085, -0.0593469, 0.506834, 0.249601,
      0.0642397], [-0.129085, 1., -0.121474, 0.0543674, 0.365951,
      0.0205919], [-0.0593469, -0.121474, 1., 0.0710752, 0.162423,
      0.0276222], [0.506834, 0.0543674, 0.0710752,
      1., -0.441917, -0.0763318], [0.249601, 0.365951,
      0.162423, -0.441917, 1., -0.22982], [0.0642397, 0.0205919,
      0.0276222, -0.0763318, -0.22982, 1.]]

# B->pi form factors, FNAL/MILC 2015, 1503.07839 & 1507.01618v3

-
  values:
    - B->pi BCL4 a0_f+: 0.407(15)
    - B->pi BCL4 a1_f+: -0.65(16)
    - B->pi BCL4 a2_f+: -0.46(88)
    - B->pi BCL4 a3_f+: 0.4(1.3)
    - B->pi BCL4 a0_f0: 0.507(22)
    - B->pi BCL4 a1_f0: -1.77(18)
    - B->pi BCL4 a2_f0: 1.27(81)
    - B->pi BCL4 a3_f0: 4.2(1.4)
    - B->pi BCL4 a0_fT: 0.393(17)
    - B->pi BCL4 a1_fT: -0.65(23)
    - B->pi BCL4 a2_fT: -0.6(1.5)
    - B->pi BCL4 a3_fT: 0.1(2.8)
  correlation:
    [[1, 0.451, 0.161, 0.102, 0.331, 0.346, 0.292, 0.216, 0.638, 0.321,  0.123, 0.084],
     [0.451, 1, 0.757, 0.665, 0.43, 0.817, 0.854, 0.699,  0.321, 0.397, 0.162, 0.109],
     [0.161, 0.757, 1, 0.988, 0.482, 0.847,  0.951, 0.795, 0.114, 0.202, 0.198, 0.179],
     [0.102, 0.665, 0.988, 1,  0.484, 0.833, 0.913, 0.714, 0.07, 0.152, 0.192, 0.18],
     [0.331, 0.43, 0.482, 0.484, 1, 0.447, 0.359, 0.189, 0.331, 0.136, 0.089,  0.073],
     [0.346, 0.817, 0.847, 0.833, 0.447, 1, 0.827, 0.5, 0.203,  0.313, 0.198, 0.162],
     [0.292, 0.854, 0.951, 0.913, 0.359, 0.827, 1,  0.838, 0.204, 0.268, 0.186, 0.155],
     [0.216, 0.699, 0.795, 0.714,  0.189, 0.5, 0.838, 1, 0.151, 0.203, 0.169, 0.149],
     [0.638, 0.321,  0.114, 0.07, 0.331, 0.203, 0.204, 0.151, 1, 0.4, 0.204, 0.166],
     [0.321, 0.397, 0.202, 0.152, 0.136, 0.313, 0.268, 0.203,  0.4, 1, 0.862, 0.806],
     [0.123, 0.162, 0.198, 0.192, 0.089, 0.198,  0.186, 0.169, 0.204, 0.862, 1, 0.989],
     [0.084, 0.109, 0.179, 0.18,  0.073, 0.162, 0.155, 0.149, 0.166, 0.806, 0.989, 1]]
