
# Coupling constants

Gmu: 1.1663787(6)e-5  # PDG 2014
alpha_e: 0.00781616(86) # = 1/127.940(14)
alpha_s: 0.1185(6)    # PDG 2014
s2w: 0.23126(5)       # PDG 2014


# CKM parameters

Vus: 0.2249(8)
Vub: 3.72(16)e-3
Vcb: 4.221(78)e-2
gamma: 1.27(12)


# Meson decay constants

f_Bs: 0.2277(45)  # FLAG 2013 Nf=2+1
f_Ds: 0.2486(27)  # FLAG 2013 Nf=2+1
f_rho0: 0.212(4)  # 1501.06569 table 1
f_omega: 0.185(5)  # 1501.06569 table 1
f_phi: 0.231(5)  # 1501.06569 table 1

# Parameters needed for meson light-cone distribution amplitudes

f_perp_omega: 0.139(18)
f_perp_phi: 0.191(6)
a2_para_omega: 0.15(12)
a2_perp_omega: 0.14(12)
a2_para_phi: 0.23(8)
a2_perp_phi: 0.14(7)


# Meson bag parameters

# SM operator
# for the bag parameters of the SM operator OVLL,
# the "hatted" ones need to be divided by 1.517
# (for B_q) and 1.369 (for K) to obtain the MSbar ones
# (see also flavio.physics.mesonmixing.common.bag_msbar2rgi())
bag_B0_1: 0.837(66)  # =1.27(10) for Bhat. FLAG 2013 Nf=2+1
bag_Bs_1: 0.876(40)  # =1.33(6) for Bhat. FLAG 2013 Nf=2+1
bag_K0_1: 0.5571(71) # =0.7627(97) for Bhat. FLAG-3 preliminary Nf=2+1
bag_D0_1: 0.744(27)  # 1505.06639 table 2

# BSM operators
bag_B0_2: 0.72(3)   # 1308.1851 table 2
bag_B0_3: 0.88(13)  # 1308.1851 table 2
bag_B0_4: 0.95(5)   # 1308.1851 table 2
bag_B0_5: 1.47(12)  # 1308.1851 table 2
bag_Bs_2: 0.73(3)   # 1308.1851 table 2
bag_Bs_3: 0.89(12)  # 1308.1851 table 2
bag_Bs_4: 0.93(4)   # 1308.1851 table 2
bag_Bs_5: 1.57(11)  # 1308.1851 table 2

# FIXME convert from 3->2 GeV!
bag_K0_2: 0.46(3)(1)   # 1505.06639 table 1
bag_K0_3: 0.79(5)(1)  # 1505.06639 table 1
bag_K0_4: 0.78(4)(3)   # 1505.06639 table 1
bag_K0_5: 0.49(4)(1)  # 1505.06639 table 1

bag_D0_2: 0.65(3)(2)   # 1505.06639 table 2
bag_D0_3: 0.96(8)(2)  # 1505.06639 table 2
bag_D0_4: 0.91(5)(4)   # 1505.06639 table 2
bag_D0_5: 0.97(7)(1)  # 1505.06639 table 2


# DeltaF=2 QCD correction factors

eta_tt_B0: 0.55
eta_tt_Bs: 0.55
eta_tt_K0: 0.5765(65)  # Buras:1990fn
eta_cc_K0: 1.87(76)    # 1108.2036
eta_ct_K0: 0.496(47)   # 1007.0684


# Parameters needed for epsilon_K

kappa_epsilon: 0.923(6)       # 1111.1699
DeltaM_K0: 3.483(6)e-15 # PDG; this is (0.5293±0.0009)*1e10/s


# Coefficients parametrizing SM contributions to Gamma_12

# taken from 1511.09466 eq. (81)-(82)
Gamma12_Bs_c: -48.0(8.3)
Gamma12_Bs_a: 12.3(1.4)
Gamma12_B0_c: -49.5(8.5)
Gamma12_B0_a: 11.7(1.3)

# experimental decay width differences
DeltaGamma/Gamma_B0: 0.001(10) # HFAG Summer 2015
DeltaGamma/Gamma_Bs: 0.124(9) # HFAG Summer 2015
