# This file contains paraemeter values and uncertainties for parameters
# that have correlated uncertainties

# Quark masses from arXiv:1802.04248
# The correlation is assumed to be the same as the one for the quark masses
# at a common scale of 3 GeV, that is extracted from table IV.
-
  values:
    - m_c: 1.273(10)
    - m_b: 4.195(14)
    - m_s: 0.09247(69)
    - m_d: 0.004675(56)
    - m_u: 0.002130(41)
  correlation:
    [[1., 0.957, 0.933, 0.613, 0.136],
    [0.957, 1., 0.943, 0.625, 0.181],
    [0.933, 0.943, 1., 0.703, 0.292],
    [0.613, 0.625, 0.703, 1., -0.16],
    [0.136, 0.181, 0.292, -0.16, 1.]]


# Decay constants of charged and neutral mesons are highly correlated; in
# fact they are equal up to isosin breaking effects.
# for now, just assume 99% correlation

# In order not to depend on the experimental value of f_pi, f_pi is taken
# from the FLAG lattice average and f_K and its correlation with f_pi
# from the FLAG lattice average of the ratio f_K/f_pi.
# This way, lattice determinations of f_K that use the measurement of f_pi
# to set the scale are not used.
-
  values:
    - f_K+: 0.1554(10)  # reproduce f_K/f_pi=1.1932(19) from FLAG 2019 Nf=2+1+1
    - f_K0: 0.1554(10)
    - f_pi+: 0.1302(8)  # FLAG 2019 Nf=2+1
    - f_pi0: 0.1302(8)
  correlation:
    [[1, 0.99, 0.968, 0.968],
     [0.99, 1, 0.968, 0.968],
     [0.968, 0.968, 1, 0.99],
     [0.968, 0.968, 0.99, 1]]
-
  values:
    - f_perp_K*+: 0.145(6)  # 1503.05534v2 table 1, but at 2 GeV
    - f_perp_K*0: 0.145(6)
  correlation: 0.99
-
  values:
    - f_perp_rho+: 0.146(7)  # 1503.05534v2 table 1, but at 2 GeV
    - f_perp_rho0: 0.146(7)
  correlation: 0.99
-
  values:
    - f_B+: 0.1880(16)  # FLAG 2019 Nf=2+1+1, +-1 MeV to account for strong isospin breaking
    - f_B0: 0.1920(16)  # FLAG 2019 Nf=2+1+1, +-1 MeV to account for strong isospin breaking
    - f_Bs: 0.2303(13)  # FLAG 2019 Nf=2+1+1
  correlation: [[1, 0.65, 0.55], [1, 0.55], [1]] # B+/B0 correlation is 65% (to get 1.3 MeV FLAG error on average f), B0/Bs is 55% (to get 0.005 FLAG error on ratio)
-
  values:
    - f_D+: 0.2120(7)
    - f_D0: 0.2120(7)  # FLAG 2019 Nf=2+1+1
    - f_Ds: 0.2499(5)  # FLAG 2019 Nf=2+1+1
  correlation: [[1, 0.99, 0.86], [1, 0.86], [1]] # D+/D0 correlation is 99%, D0/Ds is 86% to reproduce 0.0016 error on ratio (FLAG)
-
  values:
    - f_K*+: 0.204(7)
    - f_K*0: 0.204(7)  # 1503.05534v2 table 1
  correlation: 0.99
-
  values:
    - a2_para_K*+: 0.16(9)
    - a2_para_K*0: 0.16(9)
  correlation: 0.99
-
  values:
    - a2_perp_K*+: 0.10(8)
    - a2_perp_K*0: 0.10(8)
  correlation: 0.99
-
  values:
    - a1_para_K*+: 0.06(4)
    - a1_para_K*0: 0.06(4)
  correlation: 0.99
-
  values:
    - a1_perp_K*+: 0.04(3)
    - a1_perp_K*0: 0.04(3)
  correlation: 0.99
-
  values:
    - a2_para_rho+: 0.17(7)
    - a2_para_rho0: 0.17(7)
  correlation: 0.99
-
  values:
    - a2_perp_rho+: 0.14(6)
    - a2_perp_rho0: 0.14(6)
  correlation: 0.99

# Subleading hadronic effects in B->Vll
-
  values:
    - B0->K*0 deltaC7 a_0 Re: 0 ± 0.12
    - B+->K*+ deltaC7 a_0 Re: 0 ± 0.12
    - Bs->phi deltaC7 a_0 Re: 0 ± 0.12
  correlation:
    [[1, 0.99, 0.9], [1, 0.9], [1]] # B+/B0 correlation is 99%, B0/Bs is 90%
-
  values:
    - B0->K*0 deltaC7 b_0 Re: 0 ± 0.05
    - B+->K*+ deltaC7 b_0 Re: 0 ± 0.05
    - Bs->phi deltaC7 b_0 Re: 0 ± 0.05
  correlation:
    [[1, 0.99, 0.9], [1, 0.9], [1]] # B+/B0 correlation is 99%, B0/Bs is 90%
-
  values:
    - B0->K*0 deltaC7p a_+ Re: 0 ± 0.004
    - B+->K*+ deltaC7p a_+ Re: 0 ± 0.004
    - Bs->phi deltaC7p a_+ Re: 0 ± 0.004
  correlation:
    [[1, 0.99, 0.9], [1, 0.9], [1]] # B+/B0 correlation is 99%, B0/Bs is 90%
-
  values:
    - B0->K*0 deltaC7p b_+ Re: 0 ± 0.005
    - B+->K*+ deltaC7p b_+ Re: 0 ± 0.005
    - Bs->phi deltaC7p b_+ Re: 0 ± 0.005
  correlation:
    [[1, 0.99, 0.9], [1, 0.9], [1]] # B+/B0 correlation is 99%, B0/Bs is 90%
-
  values:
    - B0->K*0 deltaC7 a_- Re: 0 ± 0.015 # see eq. (26) of arXiv:1503.05534v1
    - B+->K*+ deltaC7 a_- Re: 0 ± 0.015
    - Bs->phi deltaC7 a_- Re: 0 ± 0.015
  correlation:
    [[1, 0.99, 0.9], [1, 0.9], [1]] # B+/B0 correlation is 99%, B0/Bs is 90%
-
  values:
    - B0->K*0 deltaC7 b_- Re: 0 ± 0.01 # see eq. (26) of arXiv:1503.05534v1
    - B+->K*+ deltaC7 b_- Re: 0 ± 0.01
    - Bs->phi deltaC7 b_- Re: 0 ± 0.01
  correlation:
    [[1, 0.99, 0.9], [1, 0.9], [1]] # B+/B0 correlation is 99%, B0/Bs is 90%
-
  values:
    - B0->K*0 deltaC7 a_0 Im: 0 ± 0.12 # see eq. (26) of arXiv:1503.05534v1
    - B+->K*+ deltaC7 a_0 Im: 0 ± 0.12
    - Bs->phi deltaC7 a_0 Im: 0 ± 0.12
  correlation:
    [[1, 0.99, 0.9], [1, 0.9], [1]] # B+/B0 correlation is 99%, B0/Bs is 90%
-
  values:
    - B0->K*0 deltaC7 b_0 Im: 0 ± 0.05 # see eq. (12) of arXiv:1411.3161v4
    - B+->K*+ deltaC7 b_0 Im: 0 ± 0.05
    - Bs->phi deltaC7 b_0 Im: 0 ± 0.05
  correlation:
    [[1, 0.99, 0.9], [1, 0.9], [1]] # B+/B0 correlation is 99%, B0/Bs is 90%
-
  values:
    - B0->K*0 deltaC7p a_+ Im: 0 ± 0.004
    - B+->K*+ deltaC7p a_+ Im: 0 ± 0.004
    - Bs->phi deltaC7p a_+ Im: 0 ± 0.004
  correlation:
    [[1, 0.99, 0.9], [1, 0.9], [1]] # B+/B0 correlation is 99%, B0/Bs is 90%
-
  values:
    - B0->K*0 deltaC7p b_+ Im: 0 ± 0.005
    - B+->K*+ deltaC7p b_+ Im: 0 ± 0.005
    - Bs->phi deltaC7p b_+ Im: 0 ± 0.005
  correlation:
    [[1, 0.99, 0.9], [1, 0.9], [1]] # B+/B0 correlation is 99%, B0/Bs is 90%
-
  values:
    - B0->K*0 deltaC7 a_- Im: 0 ± 0.015 # see eq. (26) of arXiv:1503.05534v1
    - B+->K*+ deltaC7 a_- Im: 0 ± 0.015
    - Bs->phi deltaC7 a_- Im: 0 ± 0.015
  correlation:
    [[1, 0.99, 0.9], [1, 0.9], [1]] # B+/B0 correlation is 99%, B0/Bs is 90%
-
  values:
    - B0->K*0 deltaC7 b_- Im: 0 ± 0.01 # see eq. (26) of arXiv:1503.05534v1
    - B+->K*+ deltaC7 b_- Im: 0 ± 0.01
    - Bs->phi deltaC7 b_- Im: 0 ± 0.01
  correlation:
    [[1, 0.99, 0.9], [1, 0.9], [1]] # B+/B0 correlation is 99%, B0/Bs is 90%
-
  values:
    - B0->K*0 deltaC9 c_0 Re: 0 ± 0.3 # see 1411.3161v4
    - B+->K*+ deltaC9 c_0 Re: 0 ± 0.3
    - Bs->phi deltaC9 c_0 Re: 0 ± 0.3
  correlation:
    [[1, 0.99, 0.9], [1, 0.9], [1]] # B+/B0 correlation is 99%, B0/Bs is 90%
-
  values:
    - B0->K*0 deltaC9 c_0 Im: 0 ± 0.3 # see 1411.3161v4
    - B+->K*+ deltaC9 c_0 Im: 0 ± 0.3
    - Bs->phi deltaC9 c_0 Im: 0 ± 0.3
  correlation:
    [[1, 0.99, 0.9], [1, 0.9], [1]] # B+/B0 correlation is 99%, B0/Bs is 90%
-
  values:
    - B0->K*0 deltaC9 c_+ Re: 0 ± 0.3 # see 1411.3161v4
    - B+->K*+ deltaC9 c_+ Re: 0 ± 0.3
    - Bs->phi deltaC9 c_+ Re: 0 ± 0.3
  correlation:
    [[1, 0.99, 0.9], [1, 0.9], [1]] # B+/B0 correlation is 99%, B0/Bs is 90%
-
  values:
    - B0->K*0 deltaC9 c_+ Im: 0 ± 0.3 # see 1411.3161v4
    - B+->K*+ deltaC9 c_+ Im: 0 ± 0.3
    - Bs->phi deltaC9 c_+ Im: 0 ± 0.3
  correlation:
    [[1, 0.99, 0.9], [1, 0.9], [1]] # B+/B0 correlation is 99%, B0/Bs is 90%
-
  values:
    - B0->K*0 deltaC9 c_- Re: 0 ± 0.3 # see 1411.3161v4
    - B+->K*+ deltaC9 c_- Re: 0 ± 0.3
    - Bs->phi deltaC9 c_- Re: 0 ± 0.3
  correlation:
    [[1, 0.99, 0.9], [1, 0.9], [1]] # B+/B0 correlation is 99%, B0/Bs is 90%
-
  values:
    - B0->K*0 deltaC9 c_- Im: 0 ± 0.3 # see 1411.3161v4
    - B+->K*+ deltaC9 c_- Im: 0 ± 0.3
    - Bs->phi deltaC9 c_- Im: 0 ± 0.3
  correlation:
    [[1, 0.99, 0.9], [1, 0.9], [1]] # B+/B0 correlation is 99%, B0/Bs is 90%


# Subleading hadronic effects in B->Pll
-
  values:
    - B0->K0 deltaC9 a Re: 0 ± 0.08 # see 1411.3161v4
    - B+->K+ deltaC9 a Re: 0 ± 0.08
  correlation: 0.99
-
  values:
    - B0->K0 deltaC9 a Im: 0 ± 0.08 # see 1411.3161v4
    - B+->K+ deltaC9 a Im: 0 ± 0.08
  correlation: 0.99
-
  values:
    - B0->K0 deltaC9 b Re: 0 ± 0.03 # see 1411.3161v4
    - B+->K+ deltaC9 b Re: 0 ± 0.03
  correlation: 0.99
-
  values:
    - B0->K0 deltaC9 b Im: 0 ± 0.03 # see 1411.3161v4
    - B+->K+ deltaC9 b Im: 0 ± 0.03
  correlation: 0.99
-
  values:
    - B0->K0 deltaC9 c Re: 0 ± 0.2 # see 1411.3161v4
    - B+->K+ deltaC9 c Re: 0 ± 0.2
  correlation: 0.99
-
  values:
    - B0->K0 deltaC9 c Im: 0 ± 0.2 # see 1411.3161v4
    - B+->K+ deltaC9 c Im: 0 ± 0.2
  correlation: 0.99

# B->D* form factors, HFAG 2016
-
  values:
    - B->D* CLN rho2: 1.205 ± 0.015 ± 0.021
    - B->D* CLN R_1(1): 1.404 ± 0.032
    - B->D* CLN R_2(1): 0.854 ± 0.020
  correlation:
    [[1, 0.570, -0.810],
     [1, -0.758],
     [1]]

# B->D form factors, FLAG web update January 1 2017
-
  values:
    - B->D BCL a0_f+: 0.909(14)
    - B->D BCL a1_f+: -7.11 (65)
    - B->D BCL a2_f+: 66 (11)
    - B->D BCL a0_f0: 0.794 (12)
    - B->D BCL a1_f0: -2.45 (65)
  correlation: [[1, 0.737, 0.594, 0.976, 0.777],
                [0.737, 1, 0.940, 0.797, 0.992],
                [0.594, 0.940, 1, 0.666, 0.938],
                [0.976, 0.797, 0.666, 1, 0.818],
                [0.777, 0.992, 0.938, 0.818, 1]]

# B->pi form factors, FLAG web update January 1 2017

-
  values:
    - B->pi BCL a0_f+: 0.404(13)
    - B->pi BCL a1_f+: -0.68(13)
    - B->pi BCL a2_f+: -0.86(61)
    - B->pi BCL a0_f0: 0.490(21)
    - B->pi BCL a1_f0: -1.61(16)
  correlation:
    [[1, 0.404, 0.118, 0.327, 0.344],
    [0.404, 1, 0.741, 0.310, 0.900],
    [0.118, 0.741, 1, 0.363, 0.886],
    [0.327, 0.310, 0.363, 1, 0.233],
    [0.344, 0.900, 0.886, 0.233, 1]]


# B->K form factors, FNAL/MILC 2015, 1509.06235v1

-
  values:
    - B->K BCL a0_f+: 0.466 ± 0.014
    - B->K BCL a1_f+: -0.885 ±  0.128
    - B->K BCL a2_f+: -0.213 ± 0.548
    - B->K BCL a0_f0: 0.292 ± 0.010
    - B->K BCL a1_f0: 0.281 ± 0.125
    - B->K BCL a2_f0: 0.150 ± 0.441
    - B->K BCL a0_fT: 0.460 ± 0.019
    - B->K BCL a1_fT: -1.089 ± 0.236
    - B->K BCL a2_fT: -1.114 ± 0.971
  correlation:
    [[1.000, 0.450, 0.190, 0.857, 0.598, 0.531, 0.752, 0.229, 0.117],
    [0.000, 1.000, 0.677, 0.708, 0.958, 0.927, 0.227, 0.443, 0.287],
    [0.000, 0.000, 1.000, 0.595, 0.770, 0.819, -0.023, 0.070, 0.196],
    [0.000, 0.000, 0.000, 1.000, 0.830, 0.766, 0.582, 0.237, 0.192],
    [0.000, 0.000, 0.000, 0.000, 1.000, 0.973, 0.324, 0.372, 0.272],
    [0.000, 0.000, 0.000, 0.000, 0.000, 1.000, 0.268, 0.332, 0.269],
    [0.000, 0.000, 0.000, 0.000, 0.000, 0.000, 1.000, 0.590, 0.515],
    [0.000, 0.000, 0.000, 0.000, 0.000, 0.000, 0.000, 1.000, 0.897],
    [0.000, 0.000, 0.000, 0.000, 0.000, 0.000, 0.000, 0.000, 1.000]]


# B_q SM bag parameters,
# for the bag parameters of the SM operator OVLL,
# the "hatted" ones need to be divided by 1.517
# (for B_q) and 1.369 (for K) to obtain the MSbar ones
# (see also flavio.physics.mesonmixing.common.bag_msbar2rgi())
-
  values:
    - bag_B0_1: 0.857(66)  # =1.30(10) for Bhat. FLAG 2018 Nf=2+1
    - bag_Bs_1: 0.890(40)  # =1.35(6) for Bhat. FLAG 2018 Nf=2+1
  correlation: [[1, 0.94], [0.94, 1]]  # to obtain 0.038 error on BBs/BBd (FLAG)


# B_q BSM bag parameters, FNAL/MILC 2015, arXiv:1602.03560v2
-
  values:
    - bag_B0_2: 0.761(68)(33)
    - bag_B0_3: 1.07(21)(5)
    - bag_B0_4: 1.148(83)(50)  # was 1.040(75)(45); multiplied by 1.104 due to differing definition
    - bag_B0_5: 1.870(180)(81)  # was 0.964(93)(42); multiplied by 1.940 due to differing definition
    - bag_Bs_2: 0.806(52)(27)
    - bag_Bs_3: 1.10(15)(4)
    - bag_Bs_4: 1.129(63)(38)  # was 1.022(57)(34); multiplied by 1.105 due to differing definition
    - bag_Bs_5: 1.834(132)(60)  # was 0.943(68)(31); multiplied by 1.944 due to differing definition
  correlation:
    [[1,    0.282, 0.494, 0.389, 0.766, 0.201, 0.283, 0.226],
    [0.282, 1,     0.225, 0.148, 0.179, 0.929, 0.115, 0.063],
    [0.494, 0.225, 1,     0.528, 0.297, 0.134, 0.705, 0.332],
    [0.389, 0.148, 0.528, 1,     0.228, 0.074, 0.318, 0.797],
    [0.766, 0.179, 0.297, 0.228, 1,     0.329, 0.581, 0.466],
    [0.201, 0.929, 0.134, 0.074, 0.329, 1,     0.278, 0.195],
    [0.283, 0.115, 0.705, 0.318, 0.581, 0.278, 1,     0.581],
    [0.226, 0.063, 0.332, 0.797, 0.466, 0.195, 0.581, 1    ]]


# Experimental data needed for the normalization of BR(B->Xsgamma)
-
  values:
    - C_BXlnu: 0.567(7)
    - BR(B->Xcenu)_exp: 0.1067(16)
  correlation: -0.10

# B->Xqll uncertainty parameters
-
  values:
    - delta_BXsee low: 0 ± 0.10
    - delta_BXsmumu low: 0 ± 0.10
  correlation: 0.95 # 95% correlation
-
  values:
    - delta_BXsee high: 0 ± 0.10
    - delta_BXsmumu high: 0 ± 0.10
    - delta_BXstautau high: 0 ± 0.10
  correlation: [[1, 0.9, 0.9], [1, 0.98], [1]] # assuming 90% corr. for e/mu, 98% for tau/mu
-
  values:
    - delta_BXdee low: 0 ± 0.10
    - delta_BXdmumu low: 0 ± 0.10
  correlation: 0.95 # 95% correlation
-
  values:
    - delta_BXdee high: 0 ± 0.10
    - delta_BXdmumu high: 0 ± 0.10
    - delta_BXdtautau high: 0 ± 0.10
  correlation: [[1, 0.9, 0.9], [1, 0.98], [1]] # assuming 90% corr. for e/mu, 98% for tau/mu


# Electromagnetic corrections in Kl3 decays
# 1005.2323 table 1 & eq. 18
-
  values:
    - K0e3 delta_EM: 0.495(110)1e-2
    - K+e3 delta_EM: 0.050(125)1e-2
    - K0mu3 delta_EM: 0.700(110)1e-2
    - K+mu3 delta_EM: 0.008(125)1e-2
  correlation:
    [[1, 0.081, 0.685, -0.147], [1, -0.147, 0.764], [1, 0.081], [1]]


# Parameters for HQET form factors
- values:
    - CLN rho2_xi: 1.073 ± 0.204
    - CLN c_xi: 0.951 ± 0.246
    - CLN xi3: -3.769 ± 1.084
    - chi_2(1): -0.060 ± 0.020
    - chi_2p(1): -0.000 ± 0.020
    - chi_2pp(1): -0.095 ± 0.219
    - chi_3p(1): 0.040 ± 0.020
    - chi_3pp(1): -0.098 ± 0.061
    - eta(1): 0.612 ± 0.175
    - etap(1): -0.005 ± 0.185
    - etapp(1): -0.298 ± 0.561
    - CLN l_1(1): 0.125 ± 0.230
    - CLN lp_1(1): -8.042 ± 6.574
    - CLN l_2(1): -1.913 ± 0.362
    - CLN lp_2(1): -3.641 ± 5.469
    - CLN l_3(1): -3.357 ± 6.950
    - CLN lp_3(1): 4.911 ± 6.901
    - CLN l_4(1): -2.076 ± 1.403
    - CLN lp_4(1): 0.164 ± 1.817
    - CLN l_5(1): 3.393 ± 2.667
    - CLN lp_5(1): 0.048 ± 3.014
    - CLN l_6(1): 2.157 ± 3.758
    - CLN lp_6(1): 0.651 ± 4.247
  correlation:
    [[1.000, 0.951, -0.864, -0.014, 0.000, 0.582, 0.029, 0.014, 0.028, 0.021, -0.115, -0.008, 0.957, 0.026, 0.768, 0.036, -0.288, -0.025, -0.258, -0.209, 0.047, -0.081, -0.139],
    [0.951, 1.000, -0.961, -0.013, 0.005, 0.567, 0.031, -0.144, 0.010, -0.005, -0.014, -0.012, 0.909, 0.034, 0.645, 0.108, -0.354, -0.010, -0.228, -0.311, 0.198, -0.082, -0.075],
    [-0.864, -0.961, 1.000, 0.012, -0.008, -0.406, -0.026, 0.194, -0.002, 0.016, -0.036, 0.007, -0.829, -0.022, -0.627, -0.147, 0.332, 0.005, 0.201, 0.329, -0.201, 0.065, 0.065],
    [-0.014, -0.013, 0.012, 1.000, 0.021, -0.017, -0.004, 0.052, 0.013, -0.007, -0.001, -0.005, 0.076, 0.008, 0.014, -0.050, -0.008, -0.018, 0.006, 0.006, -0.010, 0.022, -0.017],
    [0.000, 0.005, -0.008, 0.021, 1.000, -0.097, 0.000, 0.180, -0.010, -0.010, 0.011, 0.011, 0.002, 0.006, 0.013, 0.008, -0.050, 0.012, 0.003, 0.012, -0.028, 0.009, -0.005],
    [0.582, 0.567, -0.406, -0.017, -0.097, 1.000, 0.022, 0.174, 0.056, 0.053, -0.252, -0.002, 0.556, 0.048, 0.230, -0.139, -0.221, -0.051, -0.160, -0.054, 0.130, -0.144, 0.004],
    [0.029, 0.031, -0.026, -0.004, 0.000, 0.022, 1.000, -0.180, 0.005, -0.010, 0.001, -0.004, -0.232, 0.005, 0.030, -0.002, -0.006, -0.006, 0.002, -0.016, 0.034, -0.012, 0.015],
    [0.014, -0.144, 0.194, 0.052, 0.180, 0.174, -0.180, 1.000, -0.010, 0.028, -0.110, -0.031, 0.061, -0.020, 0.266, -0.264, 0.182, 0.027, 0.095, 0.393, -0.530, 0.009, -0.185],
    [0.028, 0.010, -0.002, 0.013, -0.010, 0.056, 0.005, -0.010, 1.000, -0.218, -0.224, 0.010, 0.028, 0.009, -0.000, 0.101, 0.005, -0.973, 0.182, -0.061, -0.051, 0.376, -0.168],
    [0.021, -0.005, 0.016, -0.007, -0.010, 0.053, -0.010, 0.028, -0.218, 1.000, -0.396, 0.004, 0.022, 0.009, 0.032, -0.050, 0.143, 0.212, -0.800, 0.002, -0.078, -0.075, 0.245],
    [-0.115, -0.014, -0.036, -0.001, 0.011, -0.252, 0.001, -0.110, -0.224, -0.396, 1.000, -0.042, -0.115, -0.000, -0.185, 0.328, -0.306, 0.210, 0.294, -0.151, 0.233, 0.143, 0.007],
    [-0.008, -0.012, 0.007, -0.005, 0.011, -0.002, -0.004, -0.031, 0.010, 0.004, -0.042, 1.000, -0.004, -0.001, 0.022, -0.004, -0.000, 0.064, -0.105, -0.027, -0.013, -0.012, -0.011],
    [0.957, 0.909, -0.829, 0.076, 0.002, 0.556, -0.232, 0.061, 0.028, 0.022, -0.115, -0.004, 1.000, 0.024, 0.740, 0.031, -0.277, -0.031, -0.250, -0.205, 0.036, -0.077, -0.139],
    [0.026, 0.034, -0.022, 0.008, 0.006, 0.048, 0.005, -0.020, 0.009, 0.009, -0.000, -0.001, 0.024, 1.000, -0.048, -0.000, -0.011, -0.007, -0.015, -0.027, 0.018, -0.023, 0.026],
    [0.768, 0.645, -0.627, 0.014, 0.013, 0.230, 0.030, 0.266, -0.000, 0.032, -0.185, 0.022, 0.740, -0.048, 1.000, -0.127, -0.092, -0.004, -0.214, 0.053, -0.171, -0.081, -0.257],
    [0.036, 0.108, -0.147, -0.050, 0.008, -0.139, -0.002, -0.264, 0.101, -0.050, 0.328, -0.004, 0.031, -0.000, -0.127, 1.000, -0.796, -0.101, 0.001, -0.419, 0.091, 0.756, -0.448],
    [-0.288, -0.354, 0.332, -0.008, -0.050, -0.221, -0.006, 0.182, 0.005, 0.143, -0.306, -0.000, -0.277, -0.011, -0.092, -0.796, 1.000, -0.004, -0.024, 0.268, -0.193, -0.617, 0.630],
    [-0.025, -0.010, 0.005, -0.018, 0.012, -0.051, -0.006, 0.027, -0.973, 0.212, 0.210, 0.064, -0.031, -0.007, -0.004, -0.101, -0.004, 1.000, -0.141, 0.071, 0.045, -0.363, 0.158],
    [-0.258, -0.228, 0.201, 0.006, 0.003, -0.160, 0.002, 0.095, 0.182, -0.800, 0.294, -0.105, -0.250, -0.015, -0.214, 0.001, -0.024, -0.141, 1.000, 0.087, 0.040, 0.078, -0.173],
    [-0.209, -0.311, 0.329, 0.006, 0.012, -0.054, -0.016, 0.393, -0.061, 0.002, -0.151, -0.027, -0.205, -0.027, 0.053, -0.419, 0.268, 0.071, 0.087, 1.000, -0.597, 0.101, -0.271],
    [0.047, 0.198, -0.201, -0.010, -0.028, 0.130, 0.034, -0.530, -0.051, -0.078, 0.233, -0.013, 0.036, 0.018, -0.171, 0.091, -0.193, 0.045, 0.040, -0.597, 1.000, -0.256, 0.417],
    [-0.081, -0.082, 0.065, 0.022, 0.009, -0.144, -0.012, 0.009, 0.376, -0.075, 0.143, -0.012, -0.077, -0.023, -0.081, 0.756, -0.617, -0.363, 0.078, 0.101, -0.256, 1.000, -0.740],
    [-0.139, -0.075, 0.065, -0.017, -0.005, 0.004, 0.015, -0.185, -0.168, 0.245, 0.007, -0.011, -0.139, 0.026, -0.257, -0.448, 0.630, 0.158, -0.173, -0.271, 0.417, -0.740, 1.000]]



# Parameters for D->pi form factors
# arXiv:1706.03017
- values:
    - D->pi BSZ a0_f+: 0.612 ± 0.0355
    - D->pi BSZ a1_f+: -0.9331 ± 0.4422
    - D->pi BSZ a1_f0: 0.2498 ± 0.3909
    - D->pi BSZ a2_f+: -3.3364 ± 1.1118
    - D->pi BSZ a2_f0: -0.2269 ± 0.9188
  correlation:
    [[1.0, 0.82, 0.928, 0.683, 0.827], [0.82, 1.0, 0.761, 0.964, 0.678], [0.928, 0.761, 1.0, 0.634, 0.964], [0.683, 0.964, 0.634, 1.0, 0.565], [0.827, 0.678, 0.964, 0.565, 1.0]]

# arXiv:1803.04807
- values:
    - D->pi BSZ a0_fT: 0.5315 ± 0.0728
    - D->pi BSZ a1_fT: 0.0743 ± 0.4153
    - D->pi BSZ a2_fT: -0.9102 ± 0.5247
  correlation:
    [[1.0, 0.864, 0.755], [0.864, 1.0, 0.971], [0.755, 0.971, 1.0]]

# Parameters for D->K form factors
# arXiv:1706.03017
- values:
    - D->K BSZ a0_f+: 0.765 ± 0.0308
    - D->K BSZ a1_f+: -0.0646 ± 0.3494
    - D->K BSZ a1_f0: 1.0534 ± 0.3909
    - D->K BSZ a2_f+: -0.0131 ± 0.1694
    - D->K BSZ a2_f0: -1.9224 ± 1.1409
  correlation:
    [[1.0, 0.552, 0.898, 0.545, 0.856], [0.552, 1.0, 0.759, 0.99, 0.782], [0.898, 0.759, 1.0, 0.751, 0.996], [0.545, 0.99, 0.751, 1.0, 0.774], [0.856, 0.782, 0.996, 0.774, 1.0]]

# arXiv:1803.04807
- values:
    - D->K BSZ a0_fT: 0.6872 ± 0.0542
    - D->K BSZ a1_fT: -0.7426 ± 0.6248
    - D->K BSZ a2_fT: -8.2437 ± 3.1431
  correlation:
    [[1.0, 0.673, 0.23], [0.673, 1.0, 0.764], [0.23, 0.764, 1.0]]
