parameters:
  - B->pi BCL4 a0_f+
  - B->pi BCL4 a1_f+
  - B->pi BCL4 a2_f+
  - B->pi BCL4 a3_f+
  - B->pi BCL4 a0_f0
  - B->pi BCL4 a1_f0
  - B->pi BCL4 a2_f0
  - B->pi BCL4 a3_f0
  - B->pi BCL4 a0_fT
  - B->pi BCL4 a1_fT
  - B->pi BCL4 a2_fT
  - B->pi BCL4 a3_fT
central_values:
  [0.407, -0.65, -0.46, 0.4, 0.507, -1.77, 1.27, 4.2,0.393, -0.65, -0.6, 0.1]
uncertainties:
  [0.415, 0.16, 0.88, 1.3, 0.522, 1.18, 1.81, 1.4, 0.317, 0.23, 1.5, 2.8]
correlation:
  [[1, 0.451, 0.161, 0.102, 0.331, 0.346, 0.292, 0.216, 0.638, 0.321,
  0.123, 0.084], [0.451, 1, 0.757, 0.665, 0.43, 0.817, 0.854, 0.699,
  0.321, 0.397, 0.162, 0.109], [0.161, 0.757, 1, 0.988, 0.482, 0.847,
  0.951, 0.795, 0.114, 0.202, 0.198, 0.179], [0.102, 0.665, 0.988, 1,
  0.484, 0.833, 0.913, 0.714, 0.07, 0.152, 0.192, 0.1], [0.331, 0.43,
  0.482, 0.484, 1, 0.447, 0.359, 0.189, 0.331, 0.136, 0.089,
  0.073], [0.346, 0.817, 0.847, 0.833, 0.447, 1, 0.827, 0.5, 0.203,
  0.313, 0.198, 0.162], [0.292, 0.854, 0.951, 0.913, 0.359, 0.827, 1,
  0.838, 0.204, 0.268, 0.186, 0.155], [0.216, 0.699, 0.795, 0.714,
  0.189, 0.5, 0.838, 1, 0.151, 0.203, 0.169, 0.149], [0.638, 0.321,
  0.114, 0.07, 0.331, 0.203, 0.204, 0.151, 1, 0.4, 0.204,
  0.166], [0.321, 0.397, 0.202, 0.152, 0.136, 0.313, 0.268, 0.203,
  0.4, 1, 0.862, 0.806], [0.123, 0.162, 0.198, 0.192, 0.089, 0.198,
  0.186, 0.169, 0.204, 0.862, 1, 0.989], [0.084, 0.109, 0.179, 0.1,
  0.073, 0.162, 0.155, 0.149, 0.166, 0.806, 0.989, 1]]
